1, 0, 0, 0, 
2, 167, 241, 120, 
3, 333, 482, 241, 
4, 500, 722, 361, 
5, 667, 960, 480, 
6, 833, 1195, 597, 
7, 1000, 1427, 713, 
8, 1167, 1655, 827, 
9, 1333, 1879, 939, 
10, 1500, 2097, 1048, 
11, 1667, 2310, 1155, 
12, 1833, 2516, 1258, 
13, 2000, 2715, 1357, 
14, 2167, 2907, 1453, 
15, 2333, 3091, 1545, 
16, 2500, 3266, 1633, 
17, 2667, 3433, 1716, 
18, 2833, 3590, 1795, 
19, 3000, 3737, 1868, 
20, 3167, 3874, 1937, 
21, 3333, 4001, 2000, 
22, 3500, 4116, 2058, 
23, 3667, 4220, 2110, 
24, 3833, 4313, 2156, 
25, 4000, 4394, 2197, 
26, 4167, 4462, 2231, 
27, 4333, 4519, 2259, 
28, 4500, 4563, 2281, 
29, 4667, 4594, 2297, 
30, 4833, 4613, 2306, 
31, 5000, 4620, 2310, 
32, 5167, 4613, 2306, 
33, 5333, 4594, 2297, 
34, 5500, 4563, 2281, 
35, 5667, 4519, 2259, 
36, 5833, 4462, 2231, 
37, 6000, 4394, 2197, 
38, 6167, 4313, 2156, 
39, 6333, 4220, 2110, 
40, 6500, 4116, 2058, 
41, 6667, 4001, 2000, 
42, 6833, 3874, 1937, 
43, 7000, 3737, 1868, 
44, 7167, 3590, 1795, 
45, 7333, 3433, 1716, 
46, 7500, 3266, 1633, 
47, 7667, 3091, 1545, 
48, 7833, 2907, 1453, 
49, 8000, 2715, 1357, 
50, 8167, 2516, 1258, 
51, 8333, 2310, 1155, 
52, 8500, 2097, 1048, 
53, 8667, 1879, 939, 
54, 8833, 1655, 827, 
55, 9000, 1427, 713, 
56, 9167, 1195, 597, 
57, 9333, 960, 480, 
58, 9500, 722, 361, 
59, 9667, 482, 241, 
60, 9833, 241, 120, 
61, 10000, 0, 0, 
62, 10167, -241, -120, 
63, 10333, -482, -241, 
64, 10500, -722, -361, 
65, 10667, -960, -480, 
66, 10833, -1195, -597, 
67, 11000, -1427, -713, 
68, 11167, -1655, -827, 
69, 11333, -1879, -939, 
70, 11500, -2097, -1048, 
71, 11667, -2310, -1155, 
72, 11833, -2516, -1258, 
73, 12000, -2715, -1357, 
74, 12167, -2907, -1453, 
75, 12333, -3091, -1545, 
76, 12500, -3266, -1633, 
77, 12667, -3433, -1716, 
78, 12833, -3590, -1795, 
79, 13000, -3737, -1868, 
80, 13167, -3874, -1937, 
81, 13333, -4001, -2000, 
82, 13500, -4116, -2058, 
83, 13667, -4220, -2110, 
84, 13833, -4313, -2156, 
85, 14000, -4394, -2197, 
86, 14167, -4462, -2231, 
87, 14333, -4519, -2259, 
88, 14500, -4563, -2281, 
89, 14667, -4594, -2297, 
90, 14833, -4613, -2306, 
91, 15000, -4620, -2310, 
92, 15167, -4613, -2306, 
93, 15333, -4594, -2297, 
94, 15500, -4563, -2281, 
95, 15667, -4519, -2259, 
96, 15833, -4462, -2231, 
97, 16000, -4394, -2197, 
98, 16167, -4313, -2156, 
99, 16333, -4220, -2110, 
100, 16500, -4116, -2058, 
101, 16667, -4001, -2000, 
102, 16833, -3874, -1937, 
103, 17000, -3737, -1868, 
104, 17167, -3590, -1795, 
105, 17333, -3433, -1716, 
106, 17500, -3266, -1633, 
107, 17667, -3091, -1545, 
108, 17833, -2907, -1453, 
109, 18000, -2715, -1357, 
110, 18167, -2516, -1258, 
111, 18333, -2310, -1155, 
112, 18500, -2097, -1048, 
113, 18667, -1879, -939, 
114, 18833, -1655, -827, 
115, 19000, -1427, -713, 
116, 19167, -1195, -597, 
117, 19333, -960, -480, 
118, 19500, -722, -361, 
119, 19667, -482, -241, 
120, 19833, -241, -120, 
121, 20000, 0, 0, 
122, 20167, 241, 120, 
123, 20333, 482, 241, 
124, 20500, 722, 361, 
125, 20667, 960, 480, 
126, 20833, 1195, 597, 
127, 21000, 1427, 713, 
128, 21167, 1655, 827, 
129, 21333, 1879, 939, 
130, 21500, 2097, 1048, 
131, 21667, 2310, 1155, 
132, 21833, 2516, 1258, 
133, 22000, 2715, 1357, 
134, 22167, 2907, 1453, 
135, 22333, 3091, 1545, 
136, 22500, 3266, 1633, 
137, 22667, 3433, 1716, 
138, 22833, 3590, 1795, 
139, 23000, 3737, 1868, 
140, 23167, 3874, 1937, 
141, 23333, 4001, 2000, 
142, 23500, 4116, 2058, 
143, 23667, 4220, 2110, 
144, 23833, 4313, 2156, 
145, 24000, 4394, 2197, 
146, 24167, 4462, 2231, 
147, 24333, 4519, 2259, 
148, 24500, 4563, 2281, 
149, 24667, 4594, 2297, 
150, 24833, 4613, 2306, 
151, 25000, 4620, 2310, 
152, 25167, 4613, 2306, 
153, 25333, 4594, 2297, 
154, 25500, 4563, 2281, 
155, 25667, 4519, 2259, 
156, 25833, 4462, 2231, 
157, 26000, 4394, 2197, 
158, 26167, 4313, 2156, 
159, 26333, 4220, 2110, 
160, 26500, 4116, 2058, 
161, 26667, 4001, 2000, 
162, 26833, 3874, 1937, 
163, 27000, 3737, 1868, 
164, 27167, 3590, 1795, 
165, 27333, 3433, 1716, 
166, 27500, 3266, 1633, 
167, 27667, 3091, 1545, 
168, 27833, 2907, 1453, 
169, 28000, 2715, 1357, 
170, 28167, 2516, 1258, 
171, 28333, 2310, 1155, 
172, 28500, 2097, 1048, 
173, 28667, 1879, 939, 
174, 28833, 1655, 827, 
175, 29000, 1427, 713, 
176, 29167, 1195, 597, 
177, 29333, 960, 480, 
178, 29500, 722, 361, 
179, 29667, 482, 241, 
180, 29833, 241, 120, 
181, 30000, 0, 0, 
182, 30167, -241, -120, 
183, 30333, -482, -241, 
184, 30500, -722, -361, 
185, 30667, -960, -480, 
186, 30833, -1195, -597, 
187, 31000, -1427, -713, 
188, 31167, -1655, -827, 
189, 31333, -1879, -939, 
190, 31500, -2097, -1048, 
191, 31667, -2310, -1155, 
192, 31833, -2516, -1258, 
193, 32000, -2715, -1357, 
194, 32167, -2907, -1453, 
195, 32333, -3091, -1545, 
196, 32500, -3266, -1633, 
197, 32667, -3433, -1716, 
198, 32833, -3590, -1795, 
199, 33000, -3737, -1868, 
200, 33167, -3874, -1937, 
201, 33333, -4001, -2000, 
202, 33500, -4116, -2058, 
203, 33667, -4220, -2110, 
204, 33833, -4313, -2156, 
205, 34000, -4394, -2197, 
206, 34167, -4462, -2231, 
207, 34333, -4519, -2259, 
208, 34500, -4563, -2281, 
209, 34667, -4594, -2297, 
210, 34833, -4613, -2306, 
211, 35000, -4620, -2310, 
212, 35167, -4613, -2306, 
213, 35333, -4594, -2297, 
214, 35500, -4563, -2281, 
215, 35667, -4519, -2259, 
216, 35833, -4462, -2231, 
217, 36000, -4394, -2197, 
218, 36167, -4313, -2156, 
219, 36333, -4220, -2110, 
220, 36500, -4116, -2058, 
221, 36667, -4001, -2000, 
222, 36833, -3874, -1937, 
223, 37000, -3737, -1868, 
224, 37167, -3590, -1795, 
225, 37333, -3433, -1716, 
226, 37500, -3266, -1633, 
227, 37667, -3091, -1545, 
228, 37833, -2907, -1453, 
229, 38000, -2715, -1357, 
230, 38167, -2516, -1258, 
231, 38333, -2310, -1155, 
232, 38500, -2097, -1048, 
233, 38667, -1879, -939, 
234, 38833, -1655, -827, 
235, 39000, -1427, -713, 
236, 39167, -1195, -597, 
237, 39333, -960, -480, 
238, 39500, -722, -361, 
239, 39667, -482, -241, 
240, 39833, -241, -120, 
241, 40000, 0, 0, 
242, 40167, 241, 120, 
243, 40333, 482, 241, 
244, 40500, 722, 361, 
245, 40667, 960, 480, 
246, 40833, 1195, 597, 
247, 41000, 1427, 713, 
248, 41167, 1655, 827, 
249, 41333, 1879, 939, 
250, 41500, 2097, 1048, 
251, 41667, 2310, 1155, 
252, 41833, 2516, 1258, 
253, 42000, 2715, 1357, 
254, 42167, 2907, 1453, 
255, 42333, 3091, 1545, 
256, 42500, 3266, 1633, 
257, 42667, 3433, 1716, 
258, 42833, 3590, 1795, 
259, 43000, 3737, 1868, 
260, 43167, 3874, 1937, 
261, 43333, 4001, 2000, 
262, 43500, 4116, 2058, 
263, 43667, 4220, 2110, 
264, 43833, 4313, 2156, 
265, 44000, 4394, 2197, 
266, 44167, 4462, 2231, 
267, 44333, 4519, 2259, 
268, 44500, 4563, 2281, 
269, 44667, 4594, 2297, 
270, 44833, 4613, 2306, 
271, 45000, 4620, 2310, 
272, 45167, 4613, 2306, 
273, 45333, 4594, 2297, 
274, 45500, 4563, 2281, 
275, 45667, 4519, 2259, 
276, 45833, 4462, 2231, 
277, 46000, 4394, 2197, 
278, 46167, 4313, 2156, 
279, 46333, 4220, 2110, 
280, 46500, 4116, 2058, 
281, 46667, 4001, 2000, 
282, 46833, 3874, 1937, 
283, 47000, 3737, 1868, 
284, 47167, 3590, 1795, 
285, 47333, 3433, 1716, 
286, 47500, 3266, 1633, 
287, 47667, 3091, 1545, 
288, 47833, 2907, 1453, 
289, 48000, 2715, 1357, 
290, 48167, 2516, 1258, 
291, 48333, 2310, 1155, 
292, 48500, 2097, 1048, 
293, 48667, 1879, 939, 
294, 48833, 1655, 827, 
295, 49000, 1427, 713, 
296, 49167, 1195, 597, 
297, 49333, 960, 480, 
298, 49500, 722, 361, 
299, 49667, 482, 241, 
300, 49833, 241, 120, 
301, 50000, 0, 0, 
302, 50167, -241, -120, 
303, 50333, -482, -241, 
304, 50500, -722, -361, 
305, 50667, -960, -480, 
306, 50833, -1195, -597, 
307, 51000, -1427, -713, 
308, 51167, -1655, -827, 
309, 51333, -1879, -939, 
310, 51500, -2097, -1048, 
311, 51667, -2310, -1155, 
312, 51833, -2516, -1258, 
313, 52000, -2715, -1357, 
314, 52167, -2907, -1453, 
315, 52333, -3091, -1545, 
316, 52500, -3266, -1633, 
317, 52667, -3433, -1716, 
318, 52833, -3590, -1795, 
319, 53000, -3737, -1868, 
320, 53167, -3874, -1937, 
321, 53333, -4001, -2000, 
322, 53500, -4116, -2058, 
323, 53667, -4220, -2110, 
324, 53833, -4313, -2156, 
325, 54000, -4394, -2197, 
326, 54167, -4462, -2231, 
327, 54333, -4519, -2259, 
328, 54500, -4563, -2281, 
329, 54667, -4594, -2297, 
330, 54833, -4613, -2306, 
331, 55000, -4620, -2310, 
332, 55167, -4613, -2306, 
333, 55333, -4594, -2297, 
334, 55500, -4563, -2281, 
335, 55667, -4519, -2259, 
336, 55833, -4462, -2231, 
337, 56000, -4394, -2197, 
338, 56167, -4313, -2156, 
339, 56333, -4220, -2110, 
340, 56500, -4116, -2058, 
341, 56667, -4001, -2000, 
342, 56833, -3874, -1937, 
343, 57000, -3737, -1868, 
344, 57167, -3590, -1795, 
345, 57333, -3433, -1716, 
346, 57500, -3266, -1633, 
347, 57667, -3091, -1545, 
348, 57833, -2907, -1453, 
349, 58000, -2715, -1357, 
350, 58167, -2516, -1258, 
351, 58333, -2310, -1155, 
352, 58500, -2097, -1048, 
353, 58667, -1879, -939, 
354, 58833, -1655, -827, 
355, 59000, -1427, -713, 
356, 59167, -1195, -597, 
357, 59333, -960, -480, 
358, 59500, -722, -361, 
359, 59667, -482, -241, 
360, 59833, -241, -120, 
361, 60000, 0, 0, 
362, 60167, 241, 120, 
363, 60333, 482, 241, 
364, 60500, 722, 361, 
365, 60667, 960, 480, 
366, 60833, 1195, 597, 
367, 61000, 1427, 713, 
368, 61167, 1655, 827, 
369, 61333, 1879, 939, 
370, 61500, 2097, 1048, 
371, 61667, 2310, 1155, 
372, 61833, 2516, 1258, 
373, 62000, 2715, 1357, 
374, 62167, 2907, 1453, 
375, 62333, 3091, 1545, 
376, 62500, 3266, 1633, 
377, 62667, 3433, 1716, 
378, 62833, 3590, 1795, 
379, 63000, 3737, 1868, 
380, 63167, 3874, 1937, 
381, 63333, 4001, 2000, 
382, 63500, 4116, 2058, 
383, 63667, 4220, 2110, 
384, 63833, 4313, 2156, 
385, 64000, 4394, 2197, 
386, 64167, 4462, 2231, 
387, 64333, 4519, 2259, 
388, 64500, 4563, 2281, 
389, 64667, 4594, 2297, 
390, 64833, 4613, 2306, 
391, 65000, 4620, 2310, 
392, 65167, 4613, 2306, 
393, 65333, 4594, 2297, 
394, 65500, 4563, 2281, 
395, 65667, 4519, 2259, 
396, 65833, 4462, 2231, 
397, 66000, 4394, 2197, 
398, 66167, 4313, 2156, 
399, 66333, 4220, 2110, 
400, 66500, 4116, 2058, 
401, 66667, 4001, 2000, 
402, 66833, 3874, 1937, 
403, 67000, 3737, 1868, 
404, 67167, 3590, 1795, 
405, 67333, 3433, 1716, 
406, 67500, 3266, 1633, 
407, 67667, 3091, 1545, 
408, 67833, 2907, 1453, 
409, 68000, 2715, 1357, 
410, 68167, 2516, 1258, 
411, 68333, 2310, 1155, 
412, 68500, 2097, 1048, 
413, 68667, 1879, 939, 
414, 68833, 1655, 827, 
415, 69000, 1427, 713, 
416, 69167, 1195, 597, 
417, 69333, 960, 480, 
418, 69500, 722, 361, 
419, 69667, 482, 241, 
420, 69833, 241, 120, 
421, 70000, 0, 0, 
422, 70167, -241, -120, 
423, 70333, -482, -241, 
424, 70500, -722, -361, 
425, 70667, -960, -480, 
426, 70833, -1195, -597, 
427, 71000, -1427, -713, 
428, 71167, -1655, -827, 
429, 71333, -1879, -939, 
430, 71500, -2097, -1048, 
431, 71667, -2310, -1155, 
432, 71833, -2516, -1258, 
433, 72000, -2715, -1357, 
434, 72167, -2907, -1453, 
435, 72333, -3091, -1545, 
436, 72500, -3266, -1633, 
437, 72667, -3433, -1716, 
438, 72833, -3590, -1795, 
439, 73000, -3737, -1868, 
440, 73167, -3874, -1937, 
441, 73333, -4001, -2000, 
442, 73500, -4116, -2058, 
443, 73667, -4220, -2110, 
444, 73833, -4313, -2156, 
445, 74000, -4394, -2197, 
446, 74167, -4462, -2231, 
447, 74333, -4519, -2259, 
448, 74500, -4563, -2281, 
449, 74667, -4594, -2297, 
450, 74833, -4613, -2306, 
451, 75000, -4620, -2310, 
452, 75167, -4613, -2306, 
453, 75333, -4594, -2297, 
454, 75500, -4563, -2281, 
455, 75667, -4519, -2259, 
456, 75833, -4462, -2231, 
457, 76000, -4394, -2197, 
458, 76167, -4313, -2156, 
459, 76333, -4220, -2110, 
460, 76500, -4116, -2058, 
461, 76667, -4001, -2000, 
462, 76833, -3874, -1937, 
463, 77000, -3737, -1868, 
464, 77167, -3590, -1795, 
465, 77333, -3433, -1716, 
466, 77500, -3266, -1633, 
467, 77667, -3091, -1545, 
468, 77833, -2907, -1453, 
469, 78000, -2715, -1357, 
470, 78167, -2516, -1258, 
471, 78333, -2310, -1155, 
472, 78500, -2097, -1048, 
473, 78667, -1879, -939, 
474, 78833, -1655, -827, 
475, 79000, -1427, -713, 
476, 79167, -1195, -597, 
477, 79333, -960, -480, 
478, 79500, -722, -361, 
479, 79667, -482, -241, 
480, 79833, -241, -120, 
481, 80000, 0, 0, 
482, 80167, 241, 120, 
483, 80333, 482, 241, 
484, 80500, 722, 361, 
485, 80667, 960, 480, 
486, 80833, 1195, 597, 
487, 81000, 1427, 713, 
488, 81167, 1655, 827, 
489, 81333, 1879, 939, 
490, 81500, 2097, 1048, 
491, 81667, 2310, 1155, 
492, 81833, 2516, 1258, 
493, 82000, 2715, 1357, 
494, 82167, 2907, 1453, 
495, 82333, 3091, 1545, 
496, 82500, 3266, 1633, 
497, 82667, 3433, 1716, 
498, 82833, 3590, 1795, 
499, 83000, 3737, 1868, 
500, 83167, 3874, 1937, 
501, 83333, 4001, 2000, 
502, 83500, 4116, 2058, 
503, 83667, 4220, 2110, 
504, 83833, 4313, 2156, 
505, 84000, 4394, 2197, 
506, 84167, 4462, 2231, 
507, 84333, 4519, 2259, 
508, 84500, 4563, 2281, 
509, 84667, 4594, 2297, 
510, 84833, 4613, 2306, 
511, 85000, 4620, 2310, 
512, 85167, 4613, 2306, 
513, 85333, 4594, 2297, 
514, 85500, 4563, 2281, 
515, 85667, 4519, 2259, 
516, 85833, 4462, 2231, 
517, 86000, 4394, 2197, 
518, 86167, 4313, 2156, 
519, 86333, 4220, 2110, 
520, 86500, 4116, 2058, 
521, 86667, 4001, 2000, 
522, 86833, 3874, 1937, 
523, 87000, 3737, 1868, 
524, 87167, 3590, 1795, 
525, 87333, 3433, 1716, 
526, 87500, 3266, 1633, 
527, 87667, 3091, 1545, 
528, 87833, 2907, 1453, 
529, 88000, 2715, 1357, 
530, 88167, 2516, 1258, 
531, 88333, 2310, 1155, 
532, 88500, 2097, 1048, 
533, 88667, 1879, 939, 
534, 88833, 1655, 827, 
535, 89000, 1427, 713, 
536, 89167, 1195, 597, 
537, 89333, 960, 480, 
538, 89500, 722, 361, 
539, 89667, 482, 241, 
540, 89833, 241, 120, 
541, 90000, 0, 0, 
542, 90167, -241, -120, 
543, 90333, -482, -241, 
544, 90500, -722, -361, 
545, 90667, -960, -480, 
546, 90833, -1195, -597, 
547, 91000, -1427, -713, 
548, 91167, -1655, -827, 
549, 91333, -1879, -939, 
550, 91500, -2097, -1048, 
551, 91667, -2310, -1155, 
552, 91833, -2516, -1258, 
553, 92000, -2715, -1357, 
554, 92167, -2907, -1453, 
555, 92333, -3091, -1545, 
556, 92500, -3266, -1633, 
557, 92667, -3433, -1716, 
558, 92833, -3590, -1795, 
559, 93000, -3737, -1868, 
560, 93167, -3874, -1937, 
561, 93333, -4001, -2000, 
562, 93500, -4116, -2058, 
563, 93667, -4220, -2110, 
564, 93833, -4313, -2156, 
565, 94000, -4394, -2197, 
566, 94167, -4462, -2231, 
567, 94333, -4519, -2259, 
568, 94500, -4563, -2281, 
569, 94667, -4594, -2297, 
570, 94833, -4613, -2306, 
571, 95000, -4620, -2310, 
572, 95167, -4613, -2306, 
573, 95333, -4594, -2297, 
574, 95500, -4563, -2281, 
575, 95667, -4519, -2259, 
576, 95833, -4462, -2231, 
577, 96000, -4394, -2197, 
578, 96167, -4313, -2156, 
579, 96333, -4220, -2110, 
580, 96500, -4116, -2058, 
581, 96667, -4001, -2000, 
582, 96833, -3874, -1937, 
583, 97000, -3737, -1868, 
584, 97167, -3590, -1795, 
585, 97333, -3433, -1716, 
586, 97500, -3266, -1633, 
587, 97667, -3091, -1545, 
588, 97833, -2907, -1453, 
589, 98000, -2715, -1357, 
590, 98167, -2516, -1258, 
591, 98333, -2310, -1155, 
592, 98500, -2097, -1048, 
593, 98667, -1879, -939, 
594, 98833, -1655, -827, 
595, 99000, -1427, -713, 
596, 99167, -1195, -597, 
597, 99333, -960, -480, 
598, 99500, -722, -361, 
599, 99667, -482, -241, 
600, 99833, -241, -120, 
601, 100000, 0, 0, 
602, 100167, 241, 120, 
603, 100333, 482, 241, 
604, 100500, 722, 361, 
605, 100667, 960, 480, 
606, 100833, 1195, 597, 
607, 101000, 1427, 713, 
608, 101167, 1655, 827, 
609, 101333, 1879, 939, 
610, 101500, 2097, 1048, 
611, 101667, 2310, 1155, 
612, 101833, 2516, 1258, 
613, 102000, 2715, 1357, 
614, 102167, 2907, 1453, 
615, 102333, 3091, 1545, 
616, 102500, 3266, 1633, 
617, 102667, 3433, 1716, 
618, 102833, 3590, 1795, 
619, 103000, 3737, 1868, 
620, 103167, 3874, 1937, 
621, 103333, 4001, 2000, 
622, 103500, 4116, 2058, 
623, 103667, 4220, 2110, 
624, 103833, 4313, 2156, 
625, 104000, 4394, 2197, 
626, 104167, 4462, 2231, 
627, 104333, 4519, 2259, 
628, 104500, 4563, 2281, 
629, 104667, 4594, 2297, 
630, 104833, 4613, 2306, 
631, 105000, 4620, 2310, 
632, 105167, 4613, 2306, 
633, 105333, 4594, 2297, 
634, 105500, 4563, 2281, 
635, 105667, 4519, 2259, 
636, 105833, 4462, 2231, 
637, 106000, 4394, 2197, 
638, 106167, 4313, 2156, 
639, 106333, 4220, 2110, 
640, 106500, 4116, 2058, 
641, 106667, 4001, 2000, 
642, 106833, 3874, 1937, 
643, 107000, 3737, 1868, 
644, 107167, 3590, 1795, 
645, 107333, 3433, 1716, 
646, 107500, 3266, 1633, 
647, 107667, 3091, 1545, 
648, 107833, 2907, 1453, 
649, 108000, 2715, 1357, 
650, 108167, 2516, 1258, 
651, 108333, 2310, 1155, 
652, 108500, 2097, 1048, 
653, 108667, 1879, 939, 
654, 108833, 1655, 827, 
655, 109000, 1427, 713, 
656, 109167, 1195, 597, 
657, 109333, 960, 480, 
658, 109500, 722, 361, 
659, 109667, 482, 241, 
660, 109833, 241, 120, 
661, 110000, 0, 0, 
662, 110167, -241, -120, 
663, 110333, -482, -241, 
664, 110500, -722, -361, 
665, 110667, -960, -480, 
666, 110833, -1195, -597, 
667, 111000, -1427, -713, 
668, 111167, -1655, -827, 
669, 111333, -1879, -939, 
670, 111500, -2097, -1048, 
671, 111667, -2310, -1155, 
672, 111833, -2516, -1258, 
673, 112000, -2715, -1357, 
674, 112167, -2907, -1453, 
675, 112333, -3091, -1545, 
676, 112500, -3266, -1633, 
677, 112667, -3433, -1716, 
678, 112833, -3590, -1795, 
679, 113000, -3737, -1868, 
680, 113167, -3874, -1937, 
681, 113333, -4001, -2000, 
682, 113500, -4116, -2058, 
683, 113667, -4220, -2110, 
684, 113833, -4313, -2156, 
685, 114000, -4394, -2197, 
686, 114167, -4462, -2231, 
687, 114333, -4519, -2259, 
688, 114500, -4563, -2281, 
689, 114667, -4594, -2297, 
690, 114833, -4613, -2306, 
691, 115000, -4620, -2310, 
692, 115167, -4613, -2306, 
693, 115333, -4594, -2297, 
694, 115500, -4563, -2281, 
695, 115667, -4519, -2259, 
696, 115833, -4462, -2231, 
697, 116000, -4394, -2197, 
698, 116167, -4313, -2156, 
699, 116333, -4220, -2110, 
700, 116500, -4116, -2058, 
701, 116667, -4001, -2000, 
702, 116833, -3874, -1937, 
703, 117000, -3737, -1868, 
704, 117167, -3590, -1795, 
705, 117333, -3433, -1716, 
706, 117500, -3266, -1633, 
707, 117667, -3091, -1545, 
708, 117833, -2907, -1453, 
709, 118000, -2715, -1357, 
710, 118167, -2516, -1258, 
711, 118333, -2310, -1155, 
712, 118500, -2097, -1048, 
713, 118667, -1879, -939, 
714, 118833, -1655, -827, 
715, 119000, -1427, -713, 
716, 119167, -1195, -597, 
717, 119333, -960, -480, 
718, 119500, -722, -361, 
719, 119667, -482, -241, 
720, 119833, -241, -120, 
721, 120000, 0, 0, 
722, 120167, 241, 120, 
723, 120333, 482, 241, 
724, 120500, 722, 361, 
725, 120667, 960, 480, 
726, 120833, 1195, 597, 
727, 121000, 1427, 713, 
728, 121167, 1655, 827, 
729, 121333, 1879, 939, 
730, 121500, 2097, 1048, 
731, 121667, 2310, 1155, 
732, 121833, 2516, 1258, 
733, 122000, 2715, 1357, 
734, 122167, 2907, 1453, 
735, 122333, 3091, 1545, 
736, 122500, 3266, 1633, 
737, 122667, 3433, 1716, 
738, 122833, 3590, 1795, 
739, 123000, 3737, 1868, 
740, 123167, 3874, 1937, 
741, 123333, 4001, 2000, 
742, 123500, 4116, 2058, 
743, 123667, 4220, 2110, 
744, 123833, 4313, 2156, 
745, 124000, 4394, 2197, 
746, 124167, 4462, 2231, 
747, 124333, 4519, 2259, 
748, 124500, 4563, 2281, 
749, 124667, 4594, 2297, 
750, 124833, 4613, 2306, 
751, 125000, 4620, 2310, 
752, 125167, 4613, 2306, 
753, 125333, 4594, 2297, 
754, 125500, 4563, 2281, 
755, 125667, 4519, 2259, 
756, 125833, 4462, 2231, 
757, 126000, 4394, 2197, 
758, 126167, 4313, 2156, 
759, 126333, 4220, 2110, 
760, 126500, 4116, 2058, 
761, 126667, 4001, 2000, 
762, 126833, 3874, 1937, 
763, 127000, 3737, 1868, 
764, 127167, 3590, 1795, 
765, 127333, 3433, 1716, 
766, 127500, 3266, 1633, 
767, 127667, 3091, 1545, 
768, 127833, 2907, 1453, 
769, 128000, 2715, 1357, 
770, 128167, 2516, 1258, 
771, 128333, 2310, 1155, 
772, 128500, 2097, 1048, 
773, 128667, 1879, 939, 
774, 128833, 1655, 827, 
775, 129000, 1427, 713, 
776, 129167, 1195, 597, 
777, 129333, 960, 480, 
778, 129500, 722, 361, 
779, 129667, 482, 241, 
780, 129833, 241, 120, 
781, 130000, 0, 0, 
782, 130167, -241, -120, 
783, 130333, -482, -241, 
784, 130500, -722, -361, 
785, 130667, -960, -480, 
786, 130833, -1195, -597, 
787, 131000, -1427, -713, 
788, 131167, -1655, -827, 
789, 131333, -1879, -939, 
790, 131500, -2097, -1048, 
791, 131667, -2310, -1155, 
792, 131833, -2516, -1258, 
793, 132000, -2715, -1357, 
794, 132167, -2907, -1453, 
795, 132333, -3091, -1545, 
796, 132500, -3266, -1633, 
797, 132667, -3433, -1716, 
798, 132833, -3590, -1795, 
799, 133000, -3737, -1868, 
800, 133167, -3874, -1937, 
801, 133333, -4001, -2000, 
802, 133500, -4116, -2058, 
803, 133667, -4220, -2110, 
804, 133833, -4313, -2156, 
805, 134000, -4394, -2197, 
806, 134167, -4462, -2231, 
807, 134333, -4519, -2259, 
808, 134500, -4563, -2281, 
809, 134667, -4594, -2297, 
810, 134833, -4613, -2306, 
811, 135000, -4620, -2310, 
812, 135167, -4613, -2306, 
813, 135333, -4594, -2297, 
814, 135500, -4563, -2281, 
815, 135667, -4519, -2259, 
816, 135833, -4462, -2231, 
817, 136000, -4394, -2197, 
818, 136167, -4313, -2156, 
819, 136333, -4220, -2110, 
820, 136500, -4116, -2058, 
821, 136667, -4001, -2000, 
822, 136833, -3874, -1937, 
823, 137000, -3737, -1868, 
824, 137167, -3590, -1795, 
825, 137333, -3433, -1716, 
826, 137500, -3266, -1633, 
827, 137667, -3091, -1545, 
828, 137833, -2907, -1453, 
829, 138000, -2715, -1357, 
830, 138167, -2516, -1258, 
831, 138333, -2310, -1155, 
832, 138500, -2097, -1048, 
833, 138667, -1879, -939, 
834, 138833, -1655, -827, 
835, 139000, -1427, -713, 
836, 139167, -1195, -597, 
837, 139333, -960, -480, 
838, 139500, -722, -361, 
839, 139667, -482, -241, 
840, 139833, -241, -120, 
841, 140000, 0, 0, 
842, 140167, 241, 120, 
843, 140333, 482, 241, 
844, 140500, 722, 361, 
845, 140667, 960, 480, 
846, 140833, 1195, 597, 
847, 141000, 1427, 713, 
848, 141167, 1655, 827, 
849, 141333, 1879, 939, 
850, 141500, 2097, 1048, 
851, 141667, 2310, 1155, 
852, 141833, 2516, 1258, 
853, 142000, 2715, 1357, 
854, 142167, 2907, 1453, 
855, 142333, 3091, 1545, 
856, 142500, 3266, 1633, 
857, 142667, 3433, 1716, 
858, 142833, 3590, 1795, 
859, 143000, 3737, 1868, 
860, 143167, 3874, 1937, 
861, 143333, 4001, 2000, 
862, 143500, 4116, 2058, 
863, 143667, 4220, 2110, 
864, 143833, 4313, 2156, 
865, 144000, 4394, 2197, 
866, 144167, 4462, 2231, 
867, 144333, 4519, 2259, 
868, 144500, 4563, 2281, 
869, 144667, 4594, 2297, 
870, 144833, 4613, 2306, 
871, 145000, 4620, 2310, 
872, 145167, 4613, 2306, 
873, 145333, 4594, 2297, 
874, 145500, 4563, 2281, 
875, 145667, 4519, 2259, 
876, 145833, 4462, 2231, 
877, 146000, 4394, 2197, 
878, 146167, 4313, 2156, 
879, 146333, 4220, 2110, 
880, 146500, 4116, 2058, 
881, 146667, 4001, 2000, 
882, 146833, 3874, 1937, 
883, 147000, 3737, 1868, 
884, 147167, 3590, 1795, 
885, 147333, 3433, 1716, 
886, 147500, 3266, 1633, 
887, 147667, 3091, 1545, 
888, 147833, 2907, 1453, 
889, 148000, 2715, 1357, 
890, 148167, 2516, 1258, 
891, 148333, 2310, 1155, 
892, 148500, 2097, 1048, 
893, 148667, 1879, 939, 
894, 148833, 1655, 827, 
895, 149000, 1427, 713, 
896, 149167, 1195, 597, 
897, 149333, 960, 480, 
898, 149500, 722, 361, 
899, 149667, 482, 241, 
900, 149833, 241, 120, 
901, 150000, 0, 0, 
902, 150167, -241, -120, 
903, 150333, -482, -241, 
904, 150500, -722, -361, 
905, 150667, -960, -480, 
906, 150833, -1195, -597, 
907, 151000, -1427, -713, 
908, 151167, -1655, -827, 
909, 151333, -1879, -939, 
910, 151500, -2097, -1048, 
911, 151667, -2310, -1155, 
912, 151833, -2516, -1258, 
913, 152000, -2715, -1357, 
914, 152167, -2907, -1453, 
915, 152333, -3091, -1545, 
916, 152500, -3266, -1633, 
917, 152667, -3433, -1716, 
918, 152833, -3590, -1795, 
919, 153000, -3737, -1868, 
920, 153167, -3874, -1937, 
921, 153333, -4001, -2000, 
922, 153500, -4116, -2058, 
923, 153667, -4220, -2110, 
924, 153833, -4313, -2156, 
925, 154000, -4394, -2197, 
926, 154167, -4462, -2231, 
927, 154333, -4519, -2259, 
928, 154500, -4563, -2281, 
929, 154667, -4594, -2297, 
930, 154833, -4613, -2306, 
931, 155000, -4620, -2310, 
932, 155167, -4613, -2306, 
933, 155333, -4594, -2297, 
934, 155500, -4563, -2281, 
935, 155667, -4519, -2259, 
936, 155833, -4462, -2231, 
937, 156000, -4394, -2197, 
938, 156167, -4313, -2156, 
939, 156333, -4220, -2110, 
940, 156500, -4116, -2058, 
941, 156667, -4001, -2000, 
942, 156833, -3874, -1937, 
943, 157000, -3737, -1868, 
944, 157167, -3590, -1795, 
945, 157333, -3433, -1716, 
946, 157500, -3266, -1633, 
947, 157667, -3091, -1545, 
948, 157833, -2907, -1453, 
949, 158000, -2715, -1357, 
950, 158167, -2516, -1258, 
951, 158333, -2310, -1155, 
952, 158500, -2097, -1048, 
953, 158667, -1879, -939, 
954, 158833, -1655, -827, 
955, 159000, -1427, -713, 
956, 159167, -1195, -597, 
957, 159333, -960, -480, 
958, 159500, -722, -361, 
959, 159667, -482, -241, 
960, 159833, -241, -120, 
961, 160000, 0, 0, 
962, 160167, 241, 120, 
963, 160333, 482, 241, 
964, 160500, 722, 361, 
965, 160667, 960, 480, 
966, 160833, 1195, 597, 
967, 161000, 1427, 713, 
968, 161167, 1655, 827, 
969, 161333, 1879, 939, 
970, 161500, 2097, 1048, 
971, 161667, 2310, 1155, 
972, 161833, 2516, 1258, 
973, 162000, 2715, 1357, 
974, 162167, 2907, 1453, 
975, 162333, 3091, 1545, 
976, 162500, 3266, 1633, 
977, 162667, 3433, 1716, 
978, 162833, 3590, 1795, 
979, 163000, 3737, 1868, 
980, 163167, 3874, 1937, 
981, 163333, 4001, 2000, 
982, 163500, 4116, 2058, 
983, 163667, 4220, 2110, 
984, 163833, 4313, 2156, 
985, 164000, 4394, 2197, 
986, 164167, 4462, 2231, 
987, 164333, 4519, 2259, 
988, 164500, 4563, 2281, 
989, 164667, 4594, 2297, 
990, 164833, 4613, 2306, 
991, 165000, 4620, 2310, 
992, 165167, 4613, 2306, 
993, 165333, 4594, 2297, 
994, 165500, 4563, 2281, 
995, 165667, 4519, 2259, 
996, 165833, 4462, 2231, 
997, 166000, 4394, 2197, 
998, 166167, 4313, 2156, 
999, 166333, 4220, 2110, 
1000, 166500, 4116, 2058, 
1001, 166667, 4001, 2000, 
1002, 166833, 3874, 1937, 
1003, 167000, 3737, 1868, 
1004, 167167, 3590, 1795, 
1005, 167333, 3433, 1716, 
1006, 167500, 3266, 1633, 
1007, 167667, 3091, 1545, 
1008, 167833, 2907, 1453, 
1009, 168000, 2715, 1357, 
1010, 168167, 2516, 1258, 
1011, 168333, 2310, 1155, 
1012, 168500, 2097, 1048, 
1013, 168667, 1879, 939, 
1014, 168833, 1655, 827, 
1015, 169000, 1427, 713, 
1016, 169167, 1195, 597, 
1017, 169333, 960, 480, 
1018, 169500, 722, 361, 
1019, 169667, 482, 241, 
1020, 169833, 241, 120, 
1021, 170000, 0, 0, 
1022, 170167, -241, -120, 
1023, 170333, -482, -241, 
1024, 170500, -722, -361, 
1025, 170667, -960, -480, 
1026, 170833, -1195, -597, 
1027, 171000, -1427, -713, 
1028, 171167, -1655, -827, 
1029, 171333, -1879, -939, 
1030, 171500, -2097, -1048, 
1031, 171667, -2310, -1155, 
1032, 171833, -2516, -1258, 
1033, 172000, -2715, -1357, 
1034, 172167, -2907, -1453, 
1035, 172333, -3091, -1545, 
1036, 172500, -3266, -1633, 
1037, 172667, -3433, -1716, 
1038, 172833, -3590, -1795, 
1039, 173000, -3737, -1868, 
1040, 173167, -3874, -1937, 
1041, 173333, -4001, -2000, 
1042, 173500, -4116, -2058, 
1043, 173667, -4220, -2110, 
1044, 173833, -4313, -2156, 
1045, 174000, -4394, -2197, 
1046, 174167, -4462, -2231, 
1047, 174333, -4519, -2259, 
1048, 174500, -4563, -2281, 
1049, 174667, -4594, -2297, 
1050, 174833, -4613, -2306, 
1051, 175000, -4620, -2310, 
1052, 175167, -4613, -2306, 
1053, 175333, -4594, -2297, 
1054, 175500, -4563, -2281, 
1055, 175667, -4519, -2259, 
1056, 175833, -4462, -2231, 
1057, 176000, -4394, -2197, 
1058, 176167, -4313, -2156, 
1059, 176333, -4220, -2110, 
1060, 176500, -4116, -2058, 
1061, 176667, -4001, -2000, 
1062, 176833, -3874, -1937, 
1063, 177000, -3737, -1868, 
1064, 177167, -3590, -1795, 
1065, 177333, -3433, -1716, 
1066, 177500, -3266, -1633, 
1067, 177667, -3091, -1545, 
1068, 177833, -2907, -1453, 
1069, 178000, -2715, -1357, 
1070, 178167, -2516, -1258, 
1071, 178333, -2310, -1155, 
1072, 178500, -2097, -1048, 
1073, 178667, -1879, -939, 
1074, 178833, -1655, -827, 
1075, 179000, -1427, -713, 
1076, 179167, -1195, -597, 
1077, 179333, -960, -480, 
1078, 179500, -722, -361, 
1079, 179667, -482, -241, 
1080, 179833, -241, -120, 
1081, 180000, 0, 0, 
1082, 180167, 241, 120, 
1083, 180333, 482, 241, 
1084, 180500, 722, 361, 
1085, 180667, 960, 480, 
1086, 180833, 1195, 597, 
1087, 181000, 1427, 713, 
1088, 181167, 1655, 827, 
1089, 181333, 1879, 939, 
1090, 181500, 2097, 1048, 
1091, 181667, 2310, 1155, 
1092, 181833, 2516, 1258, 
1093, 182000, 2715, 1357, 
1094, 182167, 2907, 1453, 
1095, 182333, 3091, 1545, 
1096, 182500, 3266, 1633, 
1097, 182667, 3433, 1716, 
1098, 182833, 3590, 1795, 
1099, 183000, 3737, 1868, 
1100, 183167, 3874, 1937, 
1101, 183333, 4001, 2000, 
1102, 183500, 4116, 2058, 
1103, 183667, 4220, 2110, 
1104, 183833, 4313, 2156, 
1105, 184000, 4394, 2197, 
1106, 184167, 4462, 2231, 
1107, 184333, 4519, 2259, 
1108, 184500, 4563, 2281, 
1109, 184667, 4594, 2297, 
1110, 184833, 4613, 2306, 
1111, 185000, 4620, 2310, 
1112, 185167, 4613, 2306, 
1113, 185333, 4594, 2297, 
1114, 185500, 4563, 2281, 
1115, 185667, 4519, 2259, 
1116, 185833, 4462, 2231, 
1117, 186000, 4394, 2197, 
1118, 186167, 4313, 2156, 
1119, 186333, 4220, 2110, 
1120, 186500, 4116, 2058, 
1121, 186667, 4001, 2000, 
1122, 186833, 3874, 1937, 
1123, 187000, 3737, 1868, 
1124, 187167, 3590, 1795, 
1125, 187333, 3433, 1716, 
1126, 187500, 3266, 1633, 
1127, 187667, 3091, 1545, 
1128, 187833, 2907, 1453, 
1129, 188000, 2715, 1357, 
1130, 188167, 2516, 1258, 
1131, 188333, 2310, 1155, 
1132, 188500, 2097, 1048, 
1133, 188667, 1879, 939, 
1134, 188833, 1655, 827, 
1135, 189000, 1427, 713, 
1136, 189167, 1195, 597, 
1137, 189333, 960, 480, 
1138, 189500, 722, 361, 
1139, 189667, 482, 241, 
1140, 189833, 241, 120, 
1141, 190000, 0, 0, 
1142, 190167, -241, -120, 
1143, 190333, -482, -241, 
1144, 190500, -722, -361, 
1145, 190667, -960, -480, 
1146, 190833, -1195, -597, 
1147, 191000, -1427, -713, 
1148, 191167, -1655, -827, 
1149, 191333, -1879, -939, 
1150, 191500, -2097, -1048, 
1151, 191667, -2310, -1155, 
1152, 191833, -2516, -1258, 
1153, 192000, -2715, -1357, 
1154, 192167, -2907, -1453, 
1155, 192333, -3091, -1545, 
1156, 192500, -3266, -1633, 
1157, 192667, -3433, -1716, 
1158, 192833, -3590, -1795, 
1159, 193000, -3737, -1868, 
1160, 193167, -3874, -1937, 
1161, 193333, -4001, -2000, 
1162, 193500, -4116, -2058, 
1163, 193667, -4220, -2110, 
1164, 193833, -4313, -2156, 
1165, 194000, -4394, -2197, 
1166, 194167, -4462, -2231, 
1167, 194333, -4519, -2259, 
1168, 194500, -4563, -2281, 
1169, 194667, -4594, -2297, 
1170, 194833, -4613, -2306, 
1171, 195000, -4620, -2310, 
1172, 195167, -4613, -2306, 
1173, 195333, -4594, -2297, 
1174, 195500, -4563, -2281, 
1175, 195667, -4519, -2259, 
1176, 195833, -4462, -2231, 
1177, 196000, -4394, -2197, 
1178, 196167, -4313, -2156, 
1179, 196333, -4220, -2110, 
1180, 196500, -4116, -2058, 
1181, 196667, -4001, -2000, 
1182, 196833, -3874, -1937, 
1183, 197000, -3737, -1868, 
1184, 197167, -3590, -1795, 
1185, 197333, -3433, -1716, 
1186, 197500, -3266, -1633, 
1187, 197667, -3091, -1545, 
1188, 197833, -2907, -1453, 
1189, 198000, -2715, -1357, 
1190, 198167, -2516, -1258, 
1191, 198333, -2310, -1155, 
1192, 198500, -2097, -1048, 
1193, 198667, -1879, -939, 
1194, 198833, -1655, -827, 
1195, 199000, -1427, -713, 
1196, 199167, -1195, -597, 
1197, 199333, -960, -480, 
1198, 199500, -722, -361, 
1199, 199667, -482, -241, 
1200, 199833, -241, -120, 
1201, 200000, 0, 0, 
1202, 200167, 241, 120, 
1203, 200333, 482, 241, 
1204, 200500, 722, 361, 
1205, 200667, 960, 480, 
1206, 200833, 1195, 597, 
1207, 201000, 1427, 713, 
1208, 201167, 1655, 827, 
1209, 201333, 1879, 939, 
1210, 201500, 2097, 1048, 
1211, 201667, 2310, 1155, 
1212, 201833, 2516, 1258, 
1213, 202000, 2715, 1357, 
1214, 202167, 2907, 1453, 
1215, 202333, 3091, 1545, 
1216, 202500, 3266, 1633, 
1217, 202667, 3433, 1716, 
1218, 202833, 3590, 1795, 
1219, 203000, 3737, 1868, 
1220, 203167, 3874, 1937, 
1221, 203333, 4001, 2000, 
1222, 203500, 4116, 2058, 
1223, 203667, 4220, 2110, 
1224, 203833, 4313, 2156, 
1225, 204000, 4394, 2197, 
1226, 204167, 4462, 2231, 
1227, 204333, 4519, 2259, 
1228, 204500, 4563, 2281, 
1229, 204667, 4594, 2297, 
1230, 204833, 4613, 2306, 
1231, 205000, 4620, 2310, 
1232, 205167, 4613, 2306, 
1233, 205333, 4594, 2297, 
1234, 205500, 4563, 2281, 
1235, 205667, 4519, 2259, 
1236, 205833, 4462, 2231, 
1237, 206000, 4394, 2197, 
1238, 206167, 4313, 2156, 
1239, 206333, 4220, 2110, 
1240, 206500, 4116, 2058, 
1241, 206667, 4001, 2000, 
1242, 206833, 3874, 1937, 
1243, 207000, 3737, 1868, 
1244, 207167, 3590, 1795, 
1245, 207333, 3433, 1716, 
1246, 207500, 3266, 1633, 
1247, 207667, 3091, 1545, 
1248, 207833, 2907, 1453, 
1249, 208000, 2715, 1357, 
1250, 208167, 2516, 1258, 
1251, 208333, 2310, 1155, 
1252, 208500, 2097, 1048, 
1253, 208667, 1879, 939, 
1254, 208833, 1655, 827, 
1255, 209000, 1427, 713, 
1256, 209167, 1195, 597, 
1257, 209333, 960, 480, 
1258, 209500, 722, 361, 
1259, 209667, 482, 241, 
1260, 209833, 241, 120, 
1261, 210000, 0, 0, 
1262, 210167, -241, -120, 
1263, 210333, -482, -241, 
1264, 210500, -722, -361, 
1265, 210667, -960, -480, 
1266, 210833, -1195, -597, 
1267, 211000, -1427, -713, 
1268, 211167, -1655, -827, 
1269, 211333, -1879, -939, 
1270, 211500, -2097, -1048, 
1271, 211667, -2310, -1155, 
1272, 211833, -2516, -1258, 
1273, 212000, -2715, -1357, 
1274, 212167, -2907, -1453, 
1275, 212333, -3091, -1545, 
1276, 212500, -3266, -1633, 
1277, 212667, -3433, -1716, 
1278, 212833, -3590, -1795, 
1279, 213000, -3737, -1868, 
1280, 213167, -3874, -1937, 
1281, 213333, -4001, -2000, 
1282, 213500, -4116, -2058, 
1283, 213667, -4220, -2110, 
1284, 213833, -4313, -2156, 
1285, 214000, -4394, -2197, 
1286, 214167, -4462, -2231, 
1287, 214333, -4519, -2259, 
1288, 214500, -4563, -2281, 
1289, 214667, -4594, -2297, 
1290, 214833, -4613, -2306, 
1291, 215000, -4620, -2310, 
1292, 215167, -4613, -2306, 
1293, 215333, -4594, -2297, 
1294, 215500, -4563, -2281, 
1295, 215667, -4519, -2259, 
1296, 215833, -4462, -2231, 
1297, 216000, -4394, -2197, 
1298, 216167, -4313, -2156, 
1299, 216333, -4220, -2110, 
1300, 216500, -4116, -2058, 
1301, 216667, -4001, -2000, 
1302, 216833, -3874, -1937, 
1303, 217000, -3737, -1868, 
1304, 217167, -3590, -1795, 
1305, 217333, -3433, -1716, 
1306, 217500, -3266, -1633, 
1307, 217667, -3091, -1545, 
1308, 217833, -2907, -1453, 
1309, 218000, -2715, -1357, 
1310, 218167, -2516, -1258, 
1311, 218333, -2310, -1155, 
1312, 218500, -2097, -1048, 
1313, 218667, -1879, -939, 
1314, 218833, -1655, -827, 
1315, 219000, -1427, -713, 
1316, 219167, -1195, -597, 
1317, 219333, -960, -480, 
1318, 219500, -722, -361, 
1319, 219667, -482, -241, 
1320, 219833, -241, -120, 
1321, 220000, 0, 0, 
1322, 220167, 241, 120, 
1323, 220333, 482, 241, 
1324, 220500, 722, 361, 
1325, 220667, 960, 480, 
1326, 220833, 1195, 597, 
1327, 221000, 1427, 713, 
1328, 221167, 1655, 827, 
1329, 221333, 1879, 939, 
1330, 221500, 2097, 1048, 
1331, 221667, 2310, 1155, 
1332, 221833, 2516, 1258, 
1333, 222000, 2715, 1357, 
1334, 222167, 2907, 1453, 
1335, 222333, 3091, 1545, 
1336, 222500, 3266, 1633, 
1337, 222667, 3433, 1716, 
1338, 222833, 3590, 1795, 
1339, 223000, 3737, 1868, 
1340, 223167, 3874, 1937, 
1341, 223333, 4001, 2000, 
1342, 223500, 4116, 2058, 
1343, 223667, 4220, 2110, 
1344, 223833, 4313, 2156, 
1345, 224000, 4394, 2197, 
1346, 224167, 4462, 2231, 
1347, 224333, 4519, 2259, 
1348, 224500, 4563, 2281, 
1349, 224667, 4594, 2297, 
1350, 224833, 4613, 2306, 
1351, 225000, 4620, 2310, 
1352, 225167, 4613, 2306, 
1353, 225333, 4594, 2297, 
1354, 225500, 4563, 2281, 
1355, 225667, 4519, 2259, 
1356, 225833, 4462, 2231, 
1357, 226000, 4394, 2197, 
1358, 226167, 4313, 2156, 
1359, 226333, 4220, 2110, 
1360, 226500, 4116, 2058, 
1361, 226667, 4001, 2000, 
1362, 226833, 3874, 1937, 
1363, 227000, 3737, 1868, 
1364, 227167, 3590, 1795, 
1365, 227333, 3433, 1716, 
1366, 227500, 3266, 1633, 
1367, 227667, 3091, 1545, 
1368, 227833, 2907, 1453, 
1369, 228000, 2715, 1357, 
1370, 228167, 2516, 1258, 
1371, 228333, 2310, 1155, 
1372, 228500, 2097, 1048, 
1373, 228667, 1879, 939, 
1374, 228833, 1655, 827, 
1375, 229000, 1427, 713, 
1376, 229167, 1195, 597, 
1377, 229333, 960, 480, 
1378, 229500, 722, 361, 
1379, 229667, 482, 241, 
1380, 229833, 241, 120, 
1381, 230000, 0, 0, 
1382, 230167, -241, -120, 
1383, 230333, -482, -241, 
1384, 230500, -722, -361, 
1385, 230667, -960, -480, 
1386, 230833, -1195, -597, 
1387, 231000, -1427, -713, 
1388, 231167, -1655, -827, 
1389, 231333, -1879, -939, 
1390, 231500, -2097, -1048, 
1391, 231667, -2310, -1155, 
1392, 231833, -2516, -1258, 
1393, 232000, -2715, -1357, 
1394, 232167, -2907, -1453, 
1395, 232333, -3091, -1545, 
1396, 232500, -3266, -1633, 
1397, 232667, -3433, -1716, 
1398, 232833, -3590, -1795, 
1399, 233000, -3737, -1868, 
1400, 233167, -3874, -1937, 
1401, 233333, -4001, -2000, 
1402, 233500, -4116, -2058, 
1403, 233667, -4220, -2110, 
1404, 233833, -4313, -2156, 
1405, 234000, -4394, -2197, 
1406, 234167, -4462, -2231, 
1407, 234333, -4519, -2259, 
1408, 234500, -4563, -2281, 
1409, 234667, -4594, -2297, 
1410, 234833, -4613, -2306, 
1411, 235000, -4620, -2310, 
1412, 235167, -4613, -2306, 
1413, 235333, -4594, -2297, 
1414, 235500, -4563, -2281, 
1415, 235667, -4519, -2259, 
1416, 235833, -4462, -2231, 
1417, 236000, -4394, -2197, 
1418, 236167, -4313, -2156, 
1419, 236333, -4220, -2110, 
1420, 236500, -4116, -2058, 
1421, 236667, -4001, -2000, 
1422, 236833, -3874, -1937, 
1423, 237000, -3737, -1868, 
1424, 237167, -3590, -1795, 
1425, 237333, -3433, -1716, 
1426, 237500, -3266, -1633, 
1427, 237667, -3091, -1545, 
1428, 237833, -2907, -1453, 
1429, 238000, -2715, -1357, 
1430, 238167, -2516, -1258, 
1431, 238333, -2310, -1155, 
1432, 238500, -2097, -1048, 
1433, 238667, -1879, -939, 
1434, 238833, -1655, -827, 
1435, 239000, -1427, -713, 
1436, 239167, -1195, -597, 
1437, 239333, -960, -480, 
1438, 239500, -722, -361, 
1439, 239667, -482, -241, 
1440, 239833, -241, -120, 
1441, 240000, 0, 0, 
1442, 240167, 241, 120, 
1443, 240333, 482, 241, 
1444, 240500, 722, 361, 
1445, 240667, 960, 480, 
1446, 240833, 1195, 597, 
1447, 241000, 1427, 713, 
1448, 241167, 1655, 827, 
1449, 241333, 1879, 939, 
1450, 241500, 2097, 1048, 
1451, 241667, 2310, 1155, 
1452, 241833, 2516, 1258, 
1453, 242000, 2715, 1357, 
1454, 242167, 2907, 1453, 
1455, 242333, 3091, 1545, 
1456, 242500, 3266, 1633, 
1457, 242667, 3433, 1716, 
1458, 242833, 3590, 1795, 
1459, 243000, 3737, 1868, 
1460, 243167, 3874, 1937, 
1461, 243333, 4001, 2000, 
1462, 243500, 4116, 2058, 
1463, 243667, 4220, 2110, 
1464, 243833, 4313, 2156, 
1465, 244000, 4394, 2197, 
1466, 244167, 4462, 2231, 
1467, 244333, 4519, 2259, 
1468, 244500, 4563, 2281, 
1469, 244667, 4594, 2297, 
1470, 244833, 4613, 2306, 
1471, 245000, 4620, 2310, 
1472, 245167, 4613, 2306, 
1473, 245333, 4594, 2297, 
1474, 245500, 4563, 2281, 
1475, 245667, 4519, 2259, 
1476, 245833, 4462, 2231, 
1477, 246000, 4394, 2197, 
1478, 246167, 4313, 2156, 
1479, 246333, 4220, 2110, 
1480, 246500, 4116, 2058, 
1481, 246667, 4001, 2000, 
1482, 246833, 3874, 1937, 
1483, 247000, 3737, 1868, 
1484, 247167, 3590, 1795, 
1485, 247333, 3433, 1716, 
1486, 247500, 3266, 1633, 
1487, 247667, 3091, 1545, 
1488, 247833, 2907, 1453, 
1489, 248000, 2715, 1357, 
1490, 248167, 2516, 1258, 
1491, 248333, 2310, 1155, 
1492, 248500, 2097, 1048, 
1493, 248667, 1879, 939, 
1494, 248833, 1655, 827, 
1495, 249000, 1427, 713, 
1496, 249167, 1195, 597, 
1497, 249333, 960, 480, 
1498, 249500, 722, 361, 
1499, 249667, 482, 241, 
1500, 249833, 241, 120, 
1501, 250000, 0, 0, 
1502, 250167, -241, -120, 
1503, 250333, -482, -241, 
1504, 250500, -722, -361, 
1505, 250667, -960, -480, 
1506, 250833, -1195, -597, 
1507, 251000, -1427, -713, 
1508, 251167, -1655, -827, 
1509, 251333, -1879, -939, 
1510, 251500, -2097, -1048, 
1511, 251667, -2310, -1155, 
1512, 251833, -2516, -1258, 
1513, 252000, -2715, -1357, 
1514, 252167, -2907, -1453, 
1515, 252333, -3091, -1545, 
1516, 252500, -3266, -1633, 
1517, 252667, -3433, -1716, 
1518, 252833, -3590, -1795, 
1519, 253000, -3737, -1868, 
1520, 253167, -3874, -1937, 
1521, 253333, -4001, -2000, 
1522, 253500, -4116, -2058, 
1523, 253667, -4220, -2110, 
1524, 253833, -4313, -2156, 
1525, 254000, -4394, -2197, 
1526, 254167, -4462, -2231, 
1527, 254333, -4519, -2259, 
1528, 254500, -4563, -2281, 
1529, 254667, -4594, -2297, 
1530, 254833, -4613, -2306, 
1531, 255000, -4620, -2310, 
1532, 255167, -4613, -2306, 
1533, 255333, -4594, -2297, 
1534, 255500, -4563, -2281, 
1535, 255667, -4519, -2259, 
1536, 255833, -4462, -2231, 
1537, 256000, -4394, -2197, 
1538, 256167, -4313, -2156, 
1539, 256333, -4220, -2110, 
1540, 256500, -4116, -2058, 
1541, 256667, -4001, -2000, 
1542, 256833, -3874, -1937, 
1543, 257000, -3737, -1868, 
1544, 257167, -3590, -1795, 
1545, 257333, -3433, -1716, 
1546, 257500, -3266, -1633, 
1547, 257667, -3091, -1545, 
1548, 257833, -2907, -1453, 
1549, 258000, -2715, -1357, 
1550, 258167, -2516, -1258, 
1551, 258333, -2310, -1155, 
1552, 258500, -2097, -1048, 
1553, 258667, -1879, -939, 
1554, 258833, -1655, -827, 
1555, 259000, -1427, -713, 
1556, 259167, -1195, -597, 
1557, 259333, -960, -480, 
1558, 259500, -722, -361, 
1559, 259667, -482, -241, 
1560, 259833, -241, -120, 
1561, 260000, 0, 0, 
1562, 260167, 241, 120, 
1563, 260333, 482, 241, 
1564, 260500, 722, 361, 
1565, 260667, 960, 480, 
1566, 260833, 1195, 597, 
1567, 261000, 1427, 713, 
1568, 261167, 1655, 827, 
1569, 261333, 1879, 939, 
1570, 261500, 2097, 1048, 
1571, 261667, 2310, 1155, 
1572, 261833, 2516, 1258, 
1573, 262000, 2715, 1357, 
1574, 262167, 2907, 1453, 
1575, 262333, 3091, 1545, 
1576, 262500, 3266, 1633, 
1577, 262667, 3433, 1716, 
1578, 262833, 3590, 1795, 
1579, 263000, 3737, 1868, 
1580, 263167, 3874, 1937, 
1581, 263333, 4001, 2000, 
1582, 263500, 4116, 2058, 
1583, 263667, 4220, 2110, 
1584, 263833, 4313, 2156, 
1585, 264000, 4394, 2197, 
1586, 264167, 4462, 2231, 
1587, 264333, 4519, 2259, 
1588, 264500, 4563, 2281, 
1589, 264667, 4594, 2297, 
1590, 264833, 4613, 2306, 
1591, 265000, 4620, 2310, 
1592, 265167, 4613, 2306, 
1593, 265333, 4594, 2297, 
1594, 265500, 4563, 2281, 
1595, 265667, 4519, 2259, 
1596, 265833, 4462, 2231, 
1597, 266000, 4394, 2197, 
1598, 266167, 4313, 2156, 
1599, 266333, 4220, 2110, 
1600, 266500, 4116, 2058, 
1601, 266667, 4001, 2000, 
1602, 266833, 3874, 1937, 
1603, 267000, 3737, 1868, 
1604, 267167, 3590, 1795, 
1605, 267333, 3433, 1716, 
1606, 267500, 3266, 1633, 
1607, 267667, 3091, 1545, 
1608, 267833, 2907, 1453, 
1609, 268000, 2715, 1357, 
1610, 268167, 2516, 1258, 
1611, 268333, 2310, 1155, 
1612, 268500, 2097, 1048, 
1613, 268667, 1879, 939, 
1614, 268833, 1655, 827, 
1615, 269000, 1427, 713, 
1616, 269167, 1195, 597, 
1617, 269333, 960, 480, 
1618, 269500, 722, 361, 
1619, 269667, 482, 241, 
1620, 269833, 241, 120, 
1621, 270000, 0, 0, 
1622, 270167, -241, -120, 
1623, 270333, -482, -241, 
1624, 270500, -722, -361, 
1625, 270667, -960, -480, 
1626, 270833, -1195, -597, 
1627, 271000, -1427, -713, 
1628, 271167, -1655, -827, 
1629, 271333, -1879, -939, 
1630, 271500, -2097, -1048, 
1631, 271667, -2310, -1155, 
1632, 271833, -2516, -1258, 
1633, 272000, -2715, -1357, 
1634, 272167, -2907, -1453, 
1635, 272333, -3091, -1545, 
1636, 272500, -3266, -1633, 
1637, 272667, -3433, -1716, 
1638, 272833, -3590, -1795, 
1639, 273000, -3737, -1868, 
1640, 273167, -3874, -1937, 
1641, 273333, -4001, -2000, 
1642, 273500, -4116, -2058, 
1643, 273667, -4220, -2110, 
1644, 273833, -4313, -2156, 
1645, 274000, -4394, -2197, 
1646, 274167, -4462, -2231, 
1647, 274333, -4519, -2259, 
1648, 274500, -4563, -2281, 
1649, 274667, -4594, -2297, 
1650, 274833, -4613, -2306, 
1651, 275000, -4620, -2310, 
1652, 275167, -4613, -2306, 
1653, 275333, -4594, -2297, 
1654, 275500, -4563, -2281, 
1655, 275667, -4519, -2259, 
1656, 275833, -4462, -2231, 
1657, 276000, -4394, -2197, 
1658, 276167, -4313, -2156, 
1659, 276333, -4220, -2110, 
1660, 276500, -4116, -2058, 
1661, 276667, -4001, -2000, 
1662, 276833, -3874, -1937, 
1663, 277000, -3737, -1868, 
1664, 277167, -3590, -1795, 
1665, 277333, -3433, -1716, 
1666, 277500, -3266, -1633, 
1667, 277667, -3091, -1545, 
1668, 277833, -2907, -1453, 
1669, 278000, -2715, -1357, 
1670, 278167, -2516, -1258, 
1671, 278333, -2310, -1155, 
1672, 278500, -2097, -1048, 
1673, 278667, -1879, -939, 
1674, 278833, -1655, -827, 
1675, 279000, -1427, -713, 
1676, 279167, -1195, -597, 
1677, 279333, -960, -480, 
1678, 279500, -722, -361, 
1679, 279667, -482, -241, 
1680, 279833, -241, -120, 
1681, 280000, 0, 0, 
1682, 280167, 241, 120, 
1683, 280333, 482, 241, 
1684, 280500, 722, 361, 
1685, 280667, 960, 480, 
1686, 280833, 1195, 597, 
1687, 281000, 1427, 713, 
1688, 281167, 1655, 827, 
1689, 281333, 1879, 939, 
1690, 281500, 2097, 1048, 
1691, 281667, 2310, 1155, 
1692, 281833, 2516, 1258, 
1693, 282000, 2715, 1357, 
1694, 282167, 2907, 1453, 
1695, 282333, 3091, 1545, 
1696, 282500, 3266, 1633, 
1697, 282667, 3433, 1716, 
1698, 282833, 3590, 1795, 
1699, 283000, 3737, 1868, 
1700, 283167, 3874, 1937, 
1701, 283333, 4001, 2000, 
1702, 283500, 4116, 2058, 
1703, 283667, 4220, 2110, 
1704, 283833, 4313, 2156, 
1705, 284000, 4394, 2197, 
1706, 284167, 4462, 2231, 
1707, 284333, 4519, 2259, 
1708, 284500, 4563, 2281, 
1709, 284667, 4594, 2297, 
1710, 284833, 4613, 2306, 
1711, 285000, 4620, 2310, 
1712, 285167, 4613, 2306, 
1713, 285333, 4594, 2297, 
1714, 285500, 4563, 2281, 
1715, 285667, 4519, 2259, 
1716, 285833, 4462, 2231, 
1717, 286000, 4394, 2197, 
1718, 286167, 4313, 2156, 
1719, 286333, 4220, 2110, 
1720, 286500, 4116, 2058, 
1721, 286667, 4001, 2000, 
1722, 286833, 3874, 1937, 
1723, 287000, 3737, 1868, 
1724, 287167, 3590, 1795, 
1725, 287333, 3433, 1716, 
1726, 287500, 3266, 1633, 
1727, 287667, 3091, 1545, 
1728, 287833, 2907, 1453, 
1729, 288000, 2715, 1357, 
1730, 288167, 2516, 1258, 
1731, 288333, 2310, 1155, 
1732, 288500, 2097, 1048, 
1733, 288667, 1879, 939, 
1734, 288833, 1655, 827, 
1735, 289000, 1427, 713, 
1736, 289167, 1195, 597, 
1737, 289333, 960, 480, 
1738, 289500, 722, 361, 
1739, 289667, 482, 241, 
1740, 289833, 241, 120, 
1741, 290000, 0, 0, 
1742, 290167, -241, -120, 
1743, 290333, -482, -241, 
1744, 290500, -722, -361, 
1745, 290667, -960, -480, 
1746, 290833, -1195, -597, 
1747, 291000, -1427, -713, 
1748, 291167, -1655, -827, 
1749, 291333, -1879, -939, 
1750, 291500, -2097, -1048, 
1751, 291667, -2310, -1155, 
1752, 291833, -2516, -1258, 
1753, 292000, -2715, -1357, 
1754, 292167, -2907, -1453, 
1755, 292333, -3091, -1545, 
1756, 292500, -3266, -1633, 
1757, 292667, -3433, -1716, 
1758, 292833, -3590, -1795, 
1759, 293000, -3737, -1868, 
1760, 293167, -3874, -1937, 
1761, 293333, -4001, -2000, 
1762, 293500, -4116, -2058, 
1763, 293667, -4220, -2110, 
1764, 293833, -4313, -2156, 
1765, 294000, -4394, -2197, 
1766, 294167, -4462, -2231, 
1767, 294333, -4519, -2259, 
1768, 294500, -4563, -2281, 
1769, 294667, -4594, -2297, 
1770, 294833, -4613, -2306, 
1771, 295000, -4620, -2310, 
1772, 295167, -4613, -2306, 
1773, 295333, -4594, -2297, 
1774, 295500, -4563, -2281, 
1775, 295667, -4519, -2259, 
1776, 295833, -4462, -2231, 
1777, 296000, -4394, -2197, 
1778, 296167, -4313, -2156, 
1779, 296333, -4220, -2110, 
1780, 296500, -4116, -2058, 
1781, 296667, -4001, -2000, 
1782, 296833, -3874, -1937, 
1783, 297000, -3737, -1868, 
1784, 297167, -3590, -1795, 
1785, 297333, -3433, -1716, 
1786, 297500, -3266, -1633, 
1787, 297667, -3091, -1545, 
1788, 297833, -2907, -1453, 
1789, 298000, -2715, -1357, 
1790, 298167, -2516, -1258, 
1791, 298333, -2310, -1155, 
1792, 298500, -2097, -1048, 
1793, 298667, -1879, -939, 
1794, 298833, -1655, -827, 
1795, 299000, -1427, -713, 
1796, 299167, -1195, -597, 
1797, 299333, -960, -480, 
1798, 299500, -722, -361, 
1799, 299667, -482, -241, 
1800, 299833, -241, -120, 
1801, 300000, 0, 0, 
1802, 300167, 241, 120, 
1803, 300333, 482, 241, 
1804, 300500, 722, 361, 
1805, 300667, 960, 480, 
1806, 300833, 1195, 597, 
1807, 301000, 1427, 713, 
1808, 301167, 1655, 827, 
1809, 301333, 1879, 939, 
1810, 301500, 2097, 1048, 
1811, 301667, 2310, 1155, 
1812, 301833, 2516, 1258, 
1813, 302000, 2715, 1357, 
1814, 302167, 2907, 1453, 
1815, 302333, 3091, 1545, 
1816, 302500, 3266, 1633, 
1817, 302667, 3433, 1716, 
1818, 302833, 3590, 1795, 
1819, 303000, 3737, 1868, 
1820, 303167, 3874, 1937, 
1821, 303333, 4001, 2000, 
1822, 303500, 4116, 2058, 
1823, 303667, 4220, 2110, 
1824, 303833, 4313, 2156, 
1825, 304000, 4394, 2197, 
1826, 304167, 4462, 2231, 
1827, 304333, 4519, 2259, 
1828, 304500, 4563, 2281, 
1829, 304667, 4594, 2297, 
1830, 304833, 4613, 2306, 
1831, 305000, 4620, 2310, 
1832, 305167, 4613, 2306, 
1833, 305333, 4594, 2297, 
1834, 305500, 4563, 2281, 
1835, 305667, 4519, 2259, 
1836, 305833, 4462, 2231, 
1837, 306000, 4394, 2197, 
1838, 306167, 4313, 2156, 
1839, 306333, 4220, 2110, 
1840, 306500, 4116, 2058, 
1841, 306667, 4001, 2000, 
1842, 306833, 3874, 1937, 
1843, 307000, 3737, 1868, 
1844, 307167, 3590, 1795, 
1845, 307333, 3433, 1716, 
1846, 307500, 3266, 1633, 
1847, 307667, 3091, 1545, 
1848, 307833, 2907, 1453, 
1849, 308000, 2715, 1357, 
1850, 308167, 2516, 1258, 
1851, 308333, 2310, 1155, 
1852, 308500, 2097, 1048, 
1853, 308667, 1879, 939, 
1854, 308833, 1655, 827, 
1855, 309000, 1427, 713, 
1856, 309167, 1195, 597, 
1857, 309333, 960, 480, 
1858, 309500, 722, 361, 
1859, 309667, 482, 241, 
1860, 309833, 241, 120, 
1861, 310000, 0, 0, 
1862, 310167, -241, -120, 
1863, 310333, -482, -241, 
1864, 310500, -722, -361, 
1865, 310667, -960, -480, 
1866, 310833, -1195, -597, 
1867, 311000, -1427, -713, 
1868, 311167, -1655, -827, 
1869, 311333, -1879, -939, 
1870, 311500, -2097, -1048, 
1871, 311667, -2310, -1155, 
1872, 311833, -2516, -1258, 
1873, 312000, -2715, -1357, 
1874, 312167, -2907, -1453, 
1875, 312333, -3091, -1545, 
1876, 312500, -3266, -1633, 
1877, 312667, -3433, -1716, 
1878, 312833, -3590, -1795, 
1879, 313000, -3737, -1868, 
1880, 313167, -3874, -1937, 
1881, 313333, -4001, -2000, 
1882, 313500, -4116, -2058, 
1883, 313667, -4220, -2110, 
1884, 313833, -4313, -2156, 
1885, 314000, -4394, -2197, 
1886, 314167, -4462, -2231, 
1887, 314333, -4519, -2259, 
1888, 314500, -4563, -2281, 
1889, 314667, -4594, -2297, 
1890, 314833, -4613, -2306, 
1891, 315000, -4620, -2310, 
1892, 315167, -4613, -2306, 
1893, 315333, -4594, -2297, 
1894, 315500, -4563, -2281, 
1895, 315667, -4519, -2259, 
1896, 315833, -4462, -2231, 
1897, 316000, -4394, -2197, 
1898, 316167, -4313, -2156, 
1899, 316333, -4220, -2110, 
1900, 316500, -4116, -2058, 
1901, 316667, -4001, -2000, 
1902, 316833, -3874, -1937, 
1903, 317000, -3737, -1868, 
1904, 317167, -3590, -1795, 
1905, 317333, -3433, -1716, 
1906, 317500, -3266, -1633, 
1907, 317667, -3091, -1545, 
1908, 317833, -2907, -1453, 
1909, 318000, -2715, -1357, 
1910, 318167, -2516, -1258, 
1911, 318333, -2310, -1155, 
1912, 318500, -2097, -1048, 
1913, 318667, -1879, -939, 
1914, 318833, -1655, -827, 
1915, 319000, -1427, -713, 
1916, 319167, -1195, -597, 
1917, 319333, -960, -480, 
1918, 319500, -722, -361, 
1919, 319667, -482, -241, 
1920, 319833, -241, -120, 
1921, 320000, 0, 0, 
1922, 320167, 241, 120, 
1923, 320333, 482, 241, 
1924, 320500, 722, 361, 
1925, 320667, 960, 480, 
1926, 320833, 1195, 597, 
1927, 321000, 1427, 713, 
1928, 321167, 1655, 827, 
1929, 321333, 1879, 939, 
1930, 321500, 2097, 1048, 
1931, 321667, 2310, 1155, 
1932, 321833, 2516, 1258, 
1933, 322000, 2715, 1357, 
1934, 322167, 2907, 1453, 
1935, 322333, 3091, 1545, 
1936, 322500, 3266, 1633, 
1937, 322667, 3433, 1716, 
1938, 322833, 3590, 1795, 
1939, 323000, 3737, 1868, 
1940, 323167, 3874, 1937, 
1941, 323333, 4001, 2000, 
1942, 323500, 4116, 2058, 
1943, 323667, 4220, 2110, 
1944, 323833, 4313, 2156, 
1945, 324000, 4394, 2197, 
1946, 324167, 4462, 2231, 
1947, 324333, 4519, 2259, 
1948, 324500, 4563, 2281, 
1949, 324667, 4594, 2297, 
1950, 324833, 4613, 2306, 
1951, 325000, 4620, 2310, 
1952, 325167, 4613, 2306, 
1953, 325333, 4594, 2297, 
1954, 325500, 4563, 2281, 
1955, 325667, 4519, 2259, 
1956, 325833, 4462, 2231, 
1957, 326000, 4394, 2197, 
1958, 326167, 4313, 2156, 
1959, 326333, 4220, 2110, 
1960, 326500, 4116, 2058, 
1961, 326667, 4001, 2000, 
1962, 326833, 3874, 1937, 
1963, 327000, 3737, 1868, 
1964, 327167, 3590, 1795, 
1965, 327333, 3433, 1716, 
1966, 327500, 3266, 1633, 
1967, 327667, 3091, 1545, 
1968, 327833, 2907, 1453, 
1969, 328000, 2715, 1357, 
1970, 328167, 2516, 1258, 
1971, 328333, 2310, 1155, 
1972, 328500, 2097, 1048, 
1973, 328667, 1879, 939, 
1974, 328833, 1655, 827, 
1975, 329000, 1427, 713, 
1976, 329167, 1195, 597, 
1977, 329333, 960, 480, 
1978, 329500, 722, 361, 
1979, 329667, 482, 241, 
1980, 329833, 241, 120, 
1981, 330000, 0, 0, 
1982, 330167, -241, -120, 
1983, 330333, -482, -241, 
1984, 330500, -722, -361, 
1985, 330667, -960, -480, 
1986, 330833, -1195, -597, 
1987, 331000, -1427, -713, 
1988, 331167, -1655, -827, 
1989, 331333, -1879, -939, 
1990, 331500, -2097, -1048, 
1991, 331667, -2310, -1155, 
1992, 331833, -2516, -1258, 
1993, 332000, -2715, -1357, 
1994, 332167, -2907, -1453, 
1995, 332333, -3091, -1545, 
1996, 332500, -3266, -1633, 
1997, 332667, -3433, -1716, 
1998, 332833, -3590, -1795, 
1999, 333000, -3737, -1868, 
2000, 333167, -3874, -1937, 
2001, 333333, -4001, -2000, 
2002, 333500, -4116, -2058, 
2003, 333667, -4220, -2110, 
2004, 333833, -4313, -2156, 
2005, 334000, -4394, -2197, 
2006, 334167, -4462, -2231, 
2007, 334333, -4519, -2259, 
2008, 334500, -4563, -2281, 
2009, 334667, -4594, -2297, 
2010, 334833, -4613, -2306, 
2011, 335000, -4620, -2310, 
2012, 335167, -4613, -2306, 
2013, 335333, -4594, -2297, 
2014, 335500, -4563, -2281, 
2015, 335667, -4519, -2259, 
2016, 335833, -4462, -2231, 
2017, 336000, -4394, -2197, 
2018, 336167, -4313, -2156, 
2019, 336333, -4220, -2110, 
2020, 336500, -4116, -2058, 
2021, 336667, -4001, -2000, 
2022, 336833, -3874, -1937, 
2023, 337000, -3737, -1868, 
2024, 337167, -3590, -1795, 
2025, 337333, -3433, -1716, 
2026, 337500, -3266, -1633, 
2027, 337667, -3091, -1545, 
2028, 337833, -2907, -1453, 
2029, 338000, -2715, -1357, 
2030, 338167, -2516, -1258, 
2031, 338333, -2310, -1155, 
2032, 338500, -2097, -1048, 
2033, 338667, -1879, -939, 
2034, 338833, -1655, -827, 
2035, 339000, -1427, -713, 
2036, 339167, -1195, -597, 
2037, 339333, -960, -480, 
2038, 339500, -722, -361, 
2039, 339667, -482, -241, 
2040, 339833, -241, -120, 
2041, 340000, 0, 0, 
2042, 340167, 241, 120, 
2043, 340333, 482, 241, 
2044, 340500, 722, 361, 
2045, 340667, 960, 480, 
2046, 340833, 1195, 597, 
2047, 341000, 1427, 713, 
2048, 341167, 1655, 827, 
2049, 341333, 1879, 939, 
2050, 341500, 2097, 1048, 
2051, 341667, 2310, 1155, 
2052, 341833, 2516, 1258, 
2053, 342000, 2715, 1357, 
2054, 342167, 2907, 1453, 
2055, 342333, 3091, 1545, 
2056, 342500, 3266, 1633, 
2057, 342667, 3433, 1716, 
2058, 342833, 3590, 1795, 
2059, 343000, 3737, 1868, 
2060, 343167, 3874, 1937, 
2061, 343333, 4001, 2000, 
2062, 343500, 4116, 2058, 
2063, 343667, 4220, 2110, 
2064, 343833, 4313, 2156, 
2065, 344000, 4394, 2197, 
2066, 344167, 4462, 2231, 
2067, 344333, 4519, 2259, 
2068, 344500, 4563, 2281, 
2069, 344667, 4594, 2297, 
2070, 344833, 4613, 2306, 
2071, 345000, 4620, 2310, 
2072, 345167, 4613, 2306, 
2073, 345333, 4594, 2297, 
2074, 345500, 4563, 2281, 
2075, 345667, 4519, 2259, 
2076, 345833, 4462, 2231, 
2077, 346000, 4394, 2197, 
2078, 346167, 4313, 2156, 
2079, 346333, 4220, 2110, 
2080, 346500, 4116, 2058, 
2081, 346667, 4001, 2000, 
2082, 346833, 3874, 1937, 
2083, 347000, 3737, 1868, 
2084, 347167, 3590, 1795, 
2085, 347333, 3433, 1716, 
2086, 347500, 3266, 1633, 
2087, 347667, 3091, 1545, 
2088, 347833, 2907, 1453, 
2089, 348000, 2715, 1357, 
2090, 348167, 2516, 1258, 
2091, 348333, 2310, 1155, 
2092, 348500, 2097, 1048, 
2093, 348667, 1879, 939, 
2094, 348833, 1655, 827, 
2095, 349000, 1427, 713, 
2096, 349167, 1195, 597, 
2097, 349333, 960, 480, 
2098, 349500, 722, 361, 
2099, 349667, 482, 241, 
2100, 349833, 241, 120, 
2101, 350000, 0, 0, 
2102, 350167, -241, -120, 
2103, 350333, -482, -241, 
2104, 350500, -722, -361, 
2105, 350667, -960, -480, 
2106, 350833, -1195, -597, 
2107, 351000, -1427, -713, 
2108, 351167, -1655, -827, 
2109, 351333, -1879, -939, 
2110, 351500, -2097, -1048, 
2111, 351667, -2310, -1155, 
2112, 351833, -2516, -1258, 
2113, 352000, -2715, -1357, 
2114, 352167, -2907, -1453, 
2115, 352333, -3091, -1545, 
2116, 352500, -3266, -1633, 
2117, 352667, -3433, -1716, 
2118, 352833, -3590, -1795, 
2119, 353000, -3737, -1868, 
2120, 353167, -3874, -1937, 
2121, 353333, -4001, -2000, 
2122, 353500, -4116, -2058, 
2123, 353667, -4220, -2110, 
2124, 353833, -4313, -2156, 
2125, 354000, -4394, -2197, 
2126, 354167, -4462, -2231, 
2127, 354333, -4519, -2259, 
2128, 354500, -4563, -2281, 
2129, 354667, -4594, -2297, 
2130, 354833, -4613, -2306, 
2131, 355000, -4620, -2310, 
2132, 355167, -4613, -2306, 
2133, 355333, -4594, -2297, 
2134, 355500, -4563, -2281, 
2135, 355667, -4519, -2259, 
2136, 355833, -4462, -2231, 
2137, 356000, -4394, -2197, 
2138, 356167, -4313, -2156, 
2139, 356333, -4220, -2110, 
2140, 356500, -4116, -2058, 
2141, 356667, -4001, -2000, 
2142, 356833, -3874, -1937, 
2143, 357000, -3737, -1868, 
2144, 357167, -3590, -1795, 
2145, 357333, -3433, -1716, 
2146, 357500, -3266, -1633, 
2147, 357667, -3091, -1545, 
2148, 357833, -2907, -1453, 
2149, 358000, -2715, -1357, 
2150, 358167, -2516, -1258, 
2151, 358333, -2310, -1155, 
2152, 358500, -2097, -1048, 
2153, 358667, -1879, -939, 
2154, 358833, -1655, -827, 
2155, 359000, -1427, -713, 
2156, 359167, -1195, -597, 
2157, 359333, -960, -480, 
2158, 359500, -722, -361, 
2159, 359667, -482, -241, 
2160, 359833, -241, -120, 
2161, 360000, 0, 0, 
2162, 360167, 241, 120, 
2163, 360333, 482, 241, 
2164, 360500, 722, 361, 
2165, 360667, 960, 480, 
2166, 360833, 1195, 597, 
2167, 361000, 1427, 713, 
2168, 361167, 1655, 827, 
2169, 361333, 1879, 939, 
2170, 361500, 2097, 1048, 
2171, 361667, 2310, 1155, 
2172, 361833, 2516, 1258, 
2173, 362000, 2715, 1357, 
2174, 362167, 2907, 1453, 
2175, 362333, 3091, 1545, 
2176, 362500, 3266, 1633, 
2177, 362667, 3433, 1716, 
2178, 362833, 3590, 1795, 
2179, 363000, 3737, 1868, 
2180, 363167, 3874, 1937, 
2181, 363333, 4001, 2000, 
2182, 363500, 4116, 2058, 
2183, 363667, 4220, 2110, 
2184, 363833, 4313, 2156, 
2185, 364000, 4394, 2197, 
2186, 364167, 4462, 2231, 
2187, 364333, 4519, 2259, 
2188, 364500, 4563, 2281, 
2189, 364667, 4594, 2297, 
2190, 364833, 4613, 2306, 
2191, 365000, 4620, 2310, 
2192, 365167, 4613, 2306, 
2193, 365333, 4594, 2297, 
2194, 365500, 4563, 2281, 
2195, 365667, 4519, 2259, 
2196, 365833, 4462, 2231, 
2197, 366000, 4394, 2197, 
2198, 366167, 4313, 2156, 
2199, 366333, 4220, 2110, 
2200, 366500, 4116, 2058, 
2201, 366667, 4001, 2000, 
2202, 366833, 3874, 1937, 
2203, 367000, 3737, 1868, 
2204, 367167, 3590, 1795, 
2205, 367333, 3433, 1716, 
2206, 367500, 3266, 1633, 
2207, 367667, 3091, 1545, 
2208, 367833, 2907, 1453, 
2209, 368000, 2715, 1357, 
2210, 368167, 2516, 1258, 
2211, 368333, 2310, 1155, 
2212, 368500, 2097, 1048, 
2213, 368667, 1879, 939, 
2214, 368833, 1655, 827, 
2215, 369000, 1427, 713, 
2216, 369167, 1195, 597, 
2217, 369333, 960, 480, 
2218, 369500, 722, 361, 
2219, 369667, 482, 241, 
2220, 369833, 241, 120, 
2221, 370000, 0, 0, 
2222, 370167, -241, -120, 
2223, 370333, -482, -241, 
2224, 370500, -722, -361, 
2225, 370667, -960, -480, 
2226, 370833, -1195, -597, 
2227, 371000, -1427, -713, 
2228, 371167, -1655, -827, 
2229, 371333, -1879, -939, 
2230, 371500, -2097, -1048, 
2231, 371667, -2310, -1155, 
2232, 371833, -2516, -1258, 
2233, 372000, -2715, -1357, 
2234, 372167, -2907, -1453, 
2235, 372333, -3091, -1545, 
2236, 372500, -3266, -1633, 
2237, 372667, -3433, -1716, 
2238, 372833, -3590, -1795, 
2239, 373000, -3737, -1868, 
2240, 373167, -3874, -1937, 
2241, 373333, -4001, -2000, 
2242, 373500, -4116, -2058, 
2243, 373667, -4220, -2110, 
2244, 373833, -4313, -2156, 
2245, 374000, -4394, -2197, 
2246, 374167, -4462, -2231, 
2247, 374333, -4519, -2259, 
2248, 374500, -4563, -2281, 
2249, 374667, -4594, -2297, 
2250, 374833, -4613, -2306, 
2251, 375000, -4620, -2310, 
2252, 375167, -4613, -2306, 
2253, 375333, -4594, -2297, 
2254, 375500, -4563, -2281, 
2255, 375667, -4519, -2259, 
2256, 375833, -4462, -2231, 
2257, 376000, -4394, -2197, 
2258, 376167, -4313, -2156, 
2259, 376333, -4220, -2110, 
2260, 376500, -4116, -2058, 
2261, 376667, -4001, -2000, 
2262, 376833, -3874, -1937, 
2263, 377000, -3737, -1868, 
2264, 377167, -3590, -1795, 
2265, 377333, -3433, -1716, 
2266, 377500, -3266, -1633, 
2267, 377667, -3091, -1545, 
2268, 377833, -2907, -1453, 
2269, 378000, -2715, -1357, 
2270, 378167, -2516, -1258, 
2271, 378333, -2310, -1155, 
2272, 378500, -2097, -1048, 
2273, 378667, -1879, -939, 
2274, 378833, -1655, -827, 
2275, 379000, -1427, -713, 
2276, 379167, -1195, -597, 
2277, 379333, -960, -480, 
2278, 379500, -722, -361, 
2279, 379667, -482, -241, 
2280, 379833, -241, -120, 
2281, 380000, 0, 0, 
2282, 380167, 241, 120, 
2283, 380333, 482, 241, 
2284, 380500, 722, 361, 
2285, 380667, 960, 480, 
2286, 380833, 1195, 597, 
2287, 381000, 1427, 713, 
2288, 381167, 1655, 827, 
2289, 381333, 1879, 939, 
2290, 381500, 2097, 1048, 
2291, 381667, 2310, 1155, 
2292, 381833, 2516, 1258, 
2293, 382000, 2715, 1357, 
2294, 382167, 2907, 1453, 
2295, 382333, 3091, 1545, 
2296, 382500, 3266, 1633, 
2297, 382667, 3433, 1716, 
2298, 382833, 3590, 1795, 
2299, 383000, 3737, 1868, 
2300, 383167, 3874, 1937, 
2301, 383333, 4001, 2000, 
2302, 383500, 4116, 2058, 
2303, 383667, 4220, 2110, 
2304, 383833, 4313, 2156, 
2305, 384000, 4394, 2197, 
2306, 384167, 4462, 2231, 
2307, 384333, 4519, 2259, 
2308, 384500, 4563, 2281, 
2309, 384667, 4594, 2297, 
2310, 384833, 4613, 2306, 
2311, 385000, 4620, 2310, 
2312, 385167, 4613, 2306, 
2313, 385333, 4594, 2297, 
2314, 385500, 4563, 2281, 
2315, 385667, 4519, 2259, 
2316, 385833, 4462, 2231, 
2317, 386000, 4394, 2197, 
2318, 386167, 4313, 2156, 
2319, 386333, 4220, 2110, 
2320, 386500, 4116, 2058, 
2321, 386667, 4001, 2000, 
2322, 386833, 3874, 1937, 
2323, 387000, 3737, 1868, 
2324, 387167, 3590, 1795, 
2325, 387333, 3433, 1716, 
2326, 387500, 3266, 1633, 
2327, 387667, 3091, 1545, 
2328, 387833, 2907, 1453, 
2329, 388000, 2715, 1357, 
2330, 388167, 2516, 1258, 
2331, 388333, 2310, 1155, 
2332, 388500, 2097, 1048, 
2333, 388667, 1879, 939, 
2334, 388833, 1655, 827, 
2335, 389000, 1427, 713, 
2336, 389167, 1195, 597, 
2337, 389333, 960, 480, 
2338, 389500, 722, 361, 
2339, 389667, 482, 241, 
2340, 389833, 241, 120, 
2341, 390000, 0, 0, 
2342, 390167, -241, -120, 
2343, 390333, -482, -241, 
2344, 390500, -722, -361, 
2345, 390667, -960, -480, 
2346, 390833, -1195, -597, 
2347, 391000, -1427, -713, 
2348, 391167, -1655, -827, 
2349, 391333, -1879, -939, 
2350, 391500, -2097, -1048, 
2351, 391667, -2310, -1155, 
2352, 391833, -2516, -1258, 
2353, 392000, -2715, -1357, 
2354, 392167, -2907, -1453, 
2355, 392333, -3091, -1545, 
2356, 392500, -3266, -1633, 
2357, 392667, -3433, -1716, 
2358, 392833, -3590, -1795, 
2359, 393000, -3737, -1868, 
2360, 393167, -3874, -1937, 
2361, 393333, -4001, -2000, 
2362, 393500, -4116, -2058, 
2363, 393667, -4220, -2110, 
2364, 393833, -4313, -2156, 
2365, 394000, -4394, -2197, 
2366, 394167, -4462, -2231, 
2367, 394333, -4519, -2259, 
2368, 394500, -4563, -2281, 
2369, 394667, -4594, -2297, 
2370, 394833, -4613, -2306, 
2371, 395000, -4620, -2310, 
2372, 395167, -4613, -2306, 
2373, 395333, -4594, -2297, 
2374, 395500, -4563, -2281, 
2375, 395667, -4519, -2259, 
2376, 395833, -4462, -2231, 
2377, 396000, -4394, -2197, 
2378, 396167, -4313, -2156, 
2379, 396333, -4220, -2110, 
2380, 396500, -4116, -2058, 
2381, 396667, -4001, -2000, 
2382, 396833, -3874, -1937, 
2383, 397000, -3737, -1868, 
2384, 397167, -3590, -1795, 
2385, 397333, -3433, -1716, 
2386, 397500, -3266, -1633, 
2387, 397667, -3091, -1545, 
2388, 397833, -2907, -1453, 
2389, 398000, -2715, -1357, 
2390, 398167, -2516, -1258, 
2391, 398333, -2310, -1155, 
2392, 398500, -2097, -1048, 
2393, 398667, -1879, -939, 
2394, 398833, -1655, -827, 
2395, 399000, -1427, -713, 
2396, 399167, -1195, -597, 
2397, 399333, -960, -480, 
2398, 399500, -722, -361, 
2399, 399667, -482, -241, 
2400, 399833, -241, -120, 
2401, 400000, 0, 0, 
2402, 400167, 241, 120, 
2403, 400333, 482, 241, 
2404, 400500, 722, 361, 
2405, 400667, 960, 480, 
2406, 400833, 1195, 597, 
2407, 401000, 1427, 713, 
2408, 401167, 1655, 827, 
2409, 401333, 1879, 939, 
2410, 401500, 2097, 1048, 
2411, 401667, 2310, 1155, 
2412, 401833, 2516, 1258, 
2413, 402000, 2715, 1357, 
2414, 402167, 2907, 1453, 
2415, 402333, 3091, 1545, 
2416, 402500, 3266, 1633, 
2417, 402667, 3433, 1716, 
2418, 402833, 3590, 1795, 
2419, 403000, 3737, 1868, 
2420, 403167, 3874, 1937, 
2421, 403333, 4001, 2000, 
2422, 403500, 4116, 2058, 
2423, 403667, 4220, 2110, 
2424, 403833, 4313, 2156, 
2425, 404000, 4394, 2197, 
2426, 404167, 4462, 2231, 
2427, 404333, 4519, 2259, 
2428, 404500, 4563, 2281, 
2429, 404667, 4594, 2297, 
2430, 404833, 4613, 2306, 
2431, 405000, 4620, 2310, 
2432, 405167, 4613, 2306, 
2433, 405333, 4594, 2297, 
2434, 405500, 4563, 2281, 
2435, 405667, 4519, 2259, 
2436, 405833, 4462, 2231, 
2437, 406000, 4394, 2197, 
2438, 406167, 4313, 2156, 
2439, 406333, 4220, 2110, 
2440, 406500, 4116, 2058, 
2441, 406667, 4001, 2000, 
2442, 406833, 3874, 1937, 
2443, 407000, 3737, 1868, 
2444, 407167, 3590, 1795, 
2445, 407333, 3433, 1716, 
2446, 407500, 3266, 1633, 
2447, 407667, 3091, 1545, 
2448, 407833, 2907, 1453, 
2449, 408000, 2715, 1357, 
2450, 408167, 2516, 1258, 
2451, 408333, 2310, 1155, 
2452, 408500, 2097, 1048, 
2453, 408667, 1879, 939, 
2454, 408833, 1655, 827, 
2455, 409000, 1427, 713, 
2456, 409167, 1195, 597, 
2457, 409333, 960, 480, 
2458, 409500, 722, 361, 
2459, 409667, 482, 241, 
2460, 409833, 241, 120, 
2461, 410000, 0, 0, 
2462, 410167, -241, -120, 
2463, 410333, -482, -241, 
2464, 410500, -722, -361, 
2465, 410667, -960, -480, 
2466, 410833, -1195, -597, 
2467, 411000, -1427, -713, 
2468, 411167, -1655, -827, 
2469, 411333, -1879, -939, 
2470, 411500, -2097, -1048, 
2471, 411667, -2310, -1155, 
2472, 411833, -2516, -1258, 
2473, 412000, -2715, -1357, 
2474, 412167, -2907, -1453, 
2475, 412333, -3091, -1545, 
2476, 412500, -3266, -1633, 
2477, 412667, -3433, -1716, 
2478, 412833, -3590, -1795, 
2479, 413000, -3737, -1868, 
2480, 413167, -3874, -1937, 
2481, 413333, -4001, -2000, 
2482, 413500, -4116, -2058, 
2483, 413667, -4220, -2110, 
2484, 413833, -4313, -2156, 
2485, 414000, -4394, -2197, 
2486, 414167, -4462, -2231, 
2487, 414333, -4519, -2259, 
2488, 414500, -4563, -2281, 
2489, 414667, -4594, -2297, 
2490, 414833, -4613, -2306, 
2491, 415000, -4620, -2310, 
2492, 415167, -4613, -2306, 
2493, 415333, -4594, -2297, 
2494, 415500, -4563, -2281, 
2495, 415667, -4519, -2259, 
2496, 415833, -4462, -2231, 
2497, 416000, -4394, -2197, 
2498, 416167, -4313, -2156, 
2499, 416333, -4220, -2110, 
2500, 416500, -4116, -2058, 
2501, 416667, -4001, -2000, 
2502, 416833, -3874, -1937, 
2503, 417000, -3737, -1868, 
2504, 417167, -3590, -1795, 
2505, 417333, -3433, -1716, 
2506, 417500, -3266, -1633, 
2507, 417667, -3091, -1545, 
2508, 417833, -2907, -1453, 
2509, 418000, -2715, -1357, 
2510, 418167, -2516, -1258, 
2511, 418333, -2310, -1155, 
2512, 418500, -2097, -1048, 
2513, 418667, -1879, -939, 
2514, 418833, -1655, -827, 
2515, 419000, -1427, -713, 
2516, 419167, -1195, -597, 
2517, 419333, -960, -480, 
2518, 419500, -722, -361, 
2519, 419667, -482, -241, 
2520, 419833, -241, -120, 
2521, 420000, 0, 0, 
2522, 420167, 241, 120, 
2523, 420333, 482, 241, 
2524, 420500, 722, 361, 
2525, 420667, 960, 480, 
2526, 420833, 1195, 597, 
2527, 421000, 1427, 713, 
2528, 421167, 1655, 827, 
2529, 421333, 1879, 939, 
2530, 421500, 2097, 1048, 
2531, 421667, 2310, 1155, 
2532, 421833, 2516, 1258, 
2533, 422000, 2715, 1357, 
2534, 422167, 2907, 1453, 
2535, 422333, 3091, 1545, 
2536, 422500, 3266, 1633, 
2537, 422667, 3433, 1716, 
2538, 422833, 3590, 1795, 
2539, 423000, 3737, 1868, 
2540, 423167, 3874, 1937, 
2541, 423333, 4001, 2000, 
2542, 423500, 4116, 2058, 
2543, 423667, 4220, 2110, 
2544, 423833, 4313, 2156, 
2545, 424000, 4394, 2197, 
2546, 424167, 4462, 2231, 
2547, 424333, 4519, 2259, 
2548, 424500, 4563, 2281, 
2549, 424667, 4594, 2297, 
2550, 424833, 4613, 2306, 
2551, 425000, 4620, 2310, 
2552, 425167, 4613, 2306, 
2553, 425333, 4594, 2297, 
2554, 425500, 4563, 2281, 
2555, 425667, 4519, 2259, 
2556, 425833, 4462, 2231, 
2557, 426000, 4394, 2197, 
2558, 426167, 4313, 2156, 
2559, 426333, 4220, 2110, 
2560, 426500, 4116, 2058, 
2561, 426667, 4001, 2000, 
2562, 426833, 3874, 1937, 
2563, 427000, 3737, 1868, 
2564, 427167, 3590, 1795, 
2565, 427333, 3433, 1716, 
2566, 427500, 3266, 1633, 
2567, 427667, 3091, 1545, 
2568, 427833, 2907, 1453, 
2569, 428000, 2715, 1357, 
2570, 428167, 2516, 1258, 
2571, 428333, 2310, 1155, 
2572, 428500, 2097, 1048, 
2573, 428667, 1879, 939, 
2574, 428833, 1655, 827, 
2575, 429000, 1427, 713, 
2576, 429167, 1195, 597, 
2577, 429333, 960, 480, 
2578, 429500, 722, 361, 
2579, 429667, 482, 241, 
2580, 429833, 241, 120, 
2581, 430000, 0, 0, 
2582, 430167, -241, -120, 
2583, 430333, -482, -241, 
2584, 430500, -722, -361, 
2585, 430667, -960, -480, 
2586, 430833, -1195, -597, 
2587, 431000, -1427, -713, 
2588, 431167, -1655, -827, 
2589, 431333, -1879, -939, 
2590, 431500, -2097, -1048, 
2591, 431667, -2310, -1155, 
2592, 431833, -2516, -1258, 
2593, 432000, -2715, -1357, 
2594, 432167, -2907, -1453, 
2595, 432333, -3091, -1545, 
2596, 432500, -3266, -1633, 
2597, 432667, -3433, -1716, 
2598, 432833, -3590, -1795, 
2599, 433000, -3737, -1868, 
2600, 433167, -3874, -1937, 
2601, 433333, -4001, -2000, 
2602, 433500, -4116, -2058, 
2603, 433667, -4220, -2110, 
2604, 433833, -4313, -2156, 
2605, 434000, -4394, -2197, 
2606, 434167, -4462, -2231, 
2607, 434333, -4519, -2259, 
2608, 434500, -4563, -2281, 
2609, 434667, -4594, -2297, 
2610, 434833, -4613, -2306, 
2611, 435000, -4620, -2310, 
2612, 435167, -4613, -2306, 
2613, 435333, -4594, -2297, 
2614, 435500, -4563, -2281, 
2615, 435667, -4519, -2259, 
2616, 435833, -4462, -2231, 
2617, 436000, -4394, -2197, 
2618, 436167, -4313, -2156, 
2619, 436333, -4220, -2110, 
2620, 436500, -4116, -2058, 
2621, 436667, -4001, -2000, 
2622, 436833, -3874, -1937, 
2623, 437000, -3737, -1868, 
2624, 437167, -3590, -1795, 
2625, 437333, -3433, -1716, 
2626, 437500, -3266, -1633, 
2627, 437667, -3091, -1545, 
2628, 437833, -2907, -1453, 
2629, 438000, -2715, -1357, 
2630, 438167, -2516, -1258, 
2631, 438333, -2310, -1155, 
2632, 438500, -2097, -1048, 
2633, 438667, -1879, -939, 
2634, 438833, -1655, -827, 
2635, 439000, -1427, -713, 
2636, 439167, -1195, -597, 
2637, 439333, -960, -480, 
2638, 439500, -722, -361, 
2639, 439667, -482, -241, 
2640, 439833, -241, -120, 
2641, 440000, 0, 0, 
2642, 440167, 241, 120, 
2643, 440333, 482, 241, 
2644, 440500, 722, 361, 
2645, 440667, 960, 480, 
2646, 440833, 1195, 597, 
2647, 441000, 1427, 713, 
2648, 441167, 1655, 827, 
2649, 441333, 1879, 939, 
2650, 441500, 2097, 1048, 
2651, 441667, 2310, 1155, 
2652, 441833, 2516, 1258, 
2653, 442000, 2715, 1357, 
2654, 442167, 2907, 1453, 
2655, 442333, 3091, 1545, 
2656, 442500, 3266, 1633, 
2657, 442667, 3433, 1716, 
2658, 442833, 3590, 1795, 
2659, 443000, 3737, 1868, 
2660, 443167, 3874, 1937, 
2661, 443333, 4001, 2000, 
2662, 443500, 4116, 2058, 
2663, 443667, 4220, 2110, 
2664, 443833, 4313, 2156, 
2665, 444000, 4394, 2197, 
2666, 444167, 4462, 2231, 
2667, 444333, 4519, 2259, 
2668, 444500, 4563, 2281, 
2669, 444667, 4594, 2297, 
2670, 444833, 4613, 2306, 
2671, 445000, 4620, 2310, 
2672, 445167, 4613, 2306, 
2673, 445333, 4594, 2297, 
2674, 445500, 4563, 2281, 
2675, 445667, 4519, 2259, 
2676, 445833, 4462, 2231, 
2677, 446000, 4394, 2197, 
2678, 446167, 4313, 2156, 
2679, 446333, 4220, 2110, 
2680, 446500, 4116, 2058, 
2681, 446667, 4001, 2000, 
2682, 446833, 3874, 1937, 
2683, 447000, 3737, 1868, 
2684, 447167, 3590, 1795, 
2685, 447333, 3433, 1716, 
2686, 447500, 3266, 1633, 
2687, 447667, 3091, 1545, 
2688, 447833, 2907, 1453, 
2689, 448000, 2715, 1357, 
2690, 448167, 2516, 1258, 
2691, 448333, 2310, 1155, 
2692, 448500, 2097, 1048, 
2693, 448667, 1879, 939, 
2694, 448833, 1655, 827, 
2695, 449000, 1427, 713, 
2696, 449167, 1195, 597, 
2697, 449333, 960, 480, 
2698, 449500, 722, 361, 
2699, 449667, 482, 241, 
2700, 449833, 241, 120, 
2701, 450000, 0, 0, 
2702, 450167, -241, -120, 
2703, 450333, -482, -241, 
2704, 450500, -722, -361, 
2705, 450667, -960, -480, 
2706, 450833, -1195, -597, 
2707, 451000, -1427, -713, 
2708, 451167, -1655, -827, 
2709, 451333, -1879, -939, 
2710, 451500, -2097, -1048, 
2711, 451667, -2310, -1155, 
2712, 451833, -2516, -1258, 
2713, 452000, -2715, -1357, 
2714, 452167, -2907, -1453, 
2715, 452333, -3091, -1545, 
2716, 452500, -3266, -1633, 
2717, 452667, -3433, -1716, 
2718, 452833, -3590, -1795, 
2719, 453000, -3737, -1868, 
2720, 453167, -3874, -1937, 
2721, 453333, -4001, -2000, 
2722, 453500, -4116, -2058, 
2723, 453667, -4220, -2110, 
2724, 453833, -4313, -2156, 
2725, 454000, -4394, -2197, 
2726, 454167, -4462, -2231, 
2727, 454333, -4519, -2259, 
2728, 454500, -4563, -2281, 
2729, 454667, -4594, -2297, 
2730, 454833, -4613, -2306, 
2731, 455000, -4620, -2310, 
2732, 455167, -4613, -2306, 
2733, 455333, -4594, -2297, 
2734, 455500, -4563, -2281, 
2735, 455667, -4519, -2259, 
2736, 455833, -4462, -2231, 
2737, 456000, -4394, -2197, 
2738, 456167, -4313, -2156, 
2739, 456333, -4220, -2110, 
2740, 456500, -4116, -2058, 
2741, 456667, -4001, -2000, 
2742, 456833, -3874, -1937, 
2743, 457000, -3737, -1868, 
2744, 457167, -3590, -1795, 
2745, 457333, -3433, -1716, 
2746, 457500, -3266, -1633, 
2747, 457667, -3091, -1545, 
2748, 457833, -2907, -1453, 
2749, 458000, -2715, -1357, 
2750, 458167, -2516, -1258, 
2751, 458333, -2310, -1155, 
2752, 458500, -2097, -1048, 
2753, 458667, -1879, -939, 
2754, 458833, -1655, -827, 
2755, 459000, -1427, -713, 
2756, 459167, -1195, -597, 
2757, 459333, -960, -480, 
2758, 459500, -722, -361, 
2759, 459667, -482, -241, 
2760, 459833, -241, -120, 
2761, 460000, 0, 0, 
2762, 460167, 241, 120, 
2763, 460333, 482, 241, 
2764, 460500, 722, 361, 
2765, 460667, 960, 480, 
2766, 460833, 1195, 597, 
2767, 461000, 1427, 713, 
2768, 461167, 1655, 827, 
2769, 461333, 1879, 939, 
2770, 461500, 2097, 1048, 
2771, 461667, 2310, 1155, 
2772, 461833, 2516, 1258, 
2773, 462000, 2715, 1357, 
2774, 462167, 2907, 1453, 
2775, 462333, 3091, 1545, 
2776, 462500, 3266, 1633, 
2777, 462667, 3433, 1716, 
2778, 462833, 3590, 1795, 
2779, 463000, 3737, 1868, 
2780, 463167, 3874, 1937, 
2781, 463333, 4001, 2000, 
2782, 463500, 4116, 2058, 
2783, 463667, 4220, 2110, 
2784, 463833, 4313, 2156, 
2785, 464000, 4394, 2197, 
2786, 464167, 4462, 2231, 
2787, 464333, 4519, 2259, 
2788, 464500, 4563, 2281, 
2789, 464667, 4594, 2297, 
2790, 464833, 4613, 2306, 
2791, 465000, 4620, 2310, 
2792, 465167, 4613, 2306, 
2793, 465333, 4594, 2297, 
2794, 465500, 4563, 2281, 
2795, 465667, 4519, 2259, 
2796, 465833, 4462, 2231, 
2797, 466000, 4394, 2197, 
2798, 466167, 4313, 2156, 
2799, 466333, 4220, 2110, 
2800, 466500, 4116, 2058, 
2801, 466667, 4001, 2000, 
2802, 466833, 3874, 1937, 
2803, 467000, 3737, 1868, 
2804, 467167, 3590, 1795, 
2805, 467333, 3433, 1716, 
2806, 467500, 3266, 1633, 
2807, 467667, 3091, 1545, 
2808, 467833, 2907, 1453, 
2809, 468000, 2715, 1357, 
2810, 468167, 2516, 1258, 
2811, 468333, 2310, 1155, 
2812, 468500, 2097, 1048, 
2813, 468667, 1879, 939, 
2814, 468833, 1655, 827, 
2815, 469000, 1427, 713, 
2816, 469167, 1195, 597, 
2817, 469333, 960, 480, 
2818, 469500, 722, 361, 
2819, 469667, 482, 241, 
2820, 469833, 241, 120, 
2821, 470000, 0, 0, 
2822, 470167, -241, -120, 
2823, 470333, -482, -241, 
2824, 470500, -722, -361, 
2825, 470667, -960, -480, 
2826, 470833, -1195, -597, 
2827, 471000, -1427, -713, 
2828, 471167, -1655, -827, 
2829, 471333, -1879, -939, 
2830, 471500, -2097, -1048, 
2831, 471667, -2310, -1155, 
2832, 471833, -2516, -1258, 
2833, 472000, -2715, -1357, 
2834, 472167, -2907, -1453, 
2835, 472333, -3091, -1545, 
2836, 472500, -3266, -1633, 
2837, 472667, -3433, -1716, 
2838, 472833, -3590, -1795, 
2839, 473000, -3737, -1868, 
2840, 473167, -3874, -1937, 
2841, 473333, -4001, -2000, 
2842, 473500, -4116, -2058, 
2843, 473667, -4220, -2110, 
2844, 473833, -4313, -2156, 
2845, 474000, -4394, -2197, 
2846, 474167, -4462, -2231, 
2847, 474333, -4519, -2259, 
2848, 474500, -4563, -2281, 
2849, 474667, -4594, -2297, 
2850, 474833, -4613, -2306, 
2851, 475000, -4620, -2310, 
2852, 475167, -4613, -2306, 
2853, 475333, -4594, -2297, 
2854, 475500, -4563, -2281, 
2855, 475667, -4519, -2259, 
2856, 475833, -4462, -2231, 
2857, 476000, -4394, -2197, 
2858, 476167, -4313, -2156, 
2859, 476333, -4220, -2110, 
2860, 476500, -4116, -2058, 
2861, 476667, -4001, -2000, 
2862, 476833, -3874, -1937, 
2863, 477000, -3737, -1868, 
2864, 477167, -3590, -1795, 
2865, 477333, -3433, -1716, 
2866, 477500, -3266, -1633, 
2867, 477667, -3091, -1545, 
2868, 477833, -2907, -1453, 
2869, 478000, -2715, -1357, 
2870, 478167, -2516, -1258, 
2871, 478333, -2310, -1155, 
2872, 478500, -2097, -1048, 
2873, 478667, -1879, -939, 
2874, 478833, -1655, -827, 
2875, 479000, -1427, -713, 
2876, 479167, -1195, -597, 
2877, 479333, -960, -480, 
2878, 479500, -722, -361, 
2879, 479667, -482, -241, 
2880, 479833, -241, -120, 
2881, 480000, 0, 0, 
2882, 480167, 241, 120, 
2883, 480333, 482, 241, 
2884, 480500, 722, 361, 
2885, 480667, 960, 480, 
2886, 480833, 1195, 597, 
2887, 481000, 1427, 713, 
2888, 481167, 1655, 827, 
2889, 481333, 1879, 939, 
2890, 481500, 2097, 1048, 
2891, 481667, 2310, 1155, 
2892, 481833, 2516, 1258, 
2893, 482000, 2715, 1357, 
2894, 482167, 2907, 1453, 
2895, 482333, 3091, 1545, 
2896, 482500, 3266, 1633, 
2897, 482667, 3433, 1716, 
2898, 482833, 3590, 1795, 
2899, 483000, 3737, 1868, 
2900, 483167, 3874, 1937, 
2901, 483333, 4001, 2000, 
2902, 483500, 4116, 2058, 
2903, 483667, 4220, 2110, 
2904, 483833, 4313, 2156, 
2905, 484000, 4394, 2197, 
2906, 484167, 4462, 2231, 
2907, 484333, 4519, 2259, 
2908, 484500, 4563, 2281, 
2909, 484667, 4594, 2297, 
2910, 484833, 4613, 2306, 
2911, 485000, 4620, 2310, 
2912, 485167, 4613, 2306, 
2913, 485333, 4594, 2297, 
2914, 485500, 4563, 2281, 
2915, 485667, 4519, 2259, 
2916, 485833, 4462, 2231, 
2917, 486000, 4394, 2197, 
2918, 486167, 4313, 2156, 
2919, 486333, 4220, 2110, 
2920, 486500, 4116, 2058, 
2921, 486667, 4001, 2000, 
2922, 486833, 3874, 1937, 
2923, 487000, 3737, 1868, 
2924, 487167, 3590, 1795, 
2925, 487333, 3433, 1716, 
2926, 487500, 3266, 1633, 
2927, 487667, 3091, 1545, 
2928, 487833, 2907, 1453, 
2929, 488000, 2715, 1357, 
2930, 488167, 2516, 1258, 
2931, 488333, 2310, 1155, 
2932, 488500, 2097, 1048, 
2933, 488667, 1879, 939, 
2934, 488833, 1655, 827, 
2935, 489000, 1427, 713, 
2936, 489167, 1195, 597, 
2937, 489333, 960, 480, 
2938, 489500, 722, 361, 
2939, 489667, 482, 241, 
2940, 489833, 241, 120, 
2941, 490000, 0, 0, 
2942, 490167, -241, -120, 
2943, 490333, -482, -241, 
2944, 490500, -722, -361, 
2945, 490667, -960, -480, 
2946, 490833, -1195, -597, 
2947, 491000, -1427, -713, 
2948, 491167, -1655, -827, 
2949, 491333, -1879, -939, 
2950, 491500, -2097, -1048, 
2951, 491667, -2310, -1155, 
2952, 491833, -2516, -1258, 
2953, 492000, -2715, -1357, 
2954, 492167, -2907, -1453, 
2955, 492333, -3091, -1545, 
2956, 492500, -3266, -1633, 
2957, 492667, -3433, -1716, 
2958, 492833, -3590, -1795, 
2959, 493000, -3737, -1868, 
2960, 493167, -3874, -1937, 
2961, 493333, -4001, -2000, 
2962, 493500, -4116, -2058, 
2963, 493667, -4220, -2110, 
2964, 493833, -4313, -2156, 
2965, 494000, -4394, -2197, 
2966, 494167, -4462, -2231, 
2967, 494333, -4519, -2259, 
2968, 494500, -4563, -2281, 
2969, 494667, -4594, -2297, 
2970, 494833, -4613, -2306, 
2971, 495000, -4620, -2310, 
2972, 495167, -4613, -2306, 
2973, 495333, -4594, -2297, 
2974, 495500, -4563, -2281, 
2975, 495667, -4519, -2259, 
2976, 495833, -4462, -2231, 
2977, 496000, -4394, -2197, 
2978, 496167, -4313, -2156, 
2979, 496333, -4220, -2110, 
2980, 496500, -4116, -2058, 
2981, 496667, -4001, -2000, 
2982, 496833, -3874, -1937, 
2983, 497000, -3737, -1868, 
2984, 497167, -3590, -1795, 
2985, 497333, -3433, -1716, 
2986, 497500, -3266, -1633, 
2987, 497667, -3091, -1545, 
2988, 497833, -2907, -1453, 
2989, 498000, -2715, -1357, 
2990, 498167, -2516, -1258, 
2991, 498333, -2310, -1155, 
2992, 498500, -2097, -1048, 
2993, 498667, -1879, -939, 
2994, 498833, -1655, -827, 
2995, 499000, -1427, -713, 
2996, 499167, -1195, -597, 
2997, 499333, -960, -480, 
2998, 499500, -722, -361, 
2999, 499667, -482, -241, 
3000, 499833, -241, -120, 
